-100	-100	-100	-100	-100	-100	-100	-100	-98.41638030316538	-88.4499522007324	-100	-100	-100	-100	-100	-100	-98.9069267402061	-85.89309254337434	-73.32293390261447	-61.48027856569402	-50.227211401223514	-39.700045800795735	-29.797725916617363	-20.72910598430022	-12.691877527335372	-5.830396907359602	-0.4786575792276482	3.11918272825317	4.257402222190704	1.8378691711263473
-100	-100	-100	-100	-100	-100	-100	-97.13498139312547	-100	-100	-100	-100	-100	-100	-100	-90.26971534653354	-78.39292829758128	-67.13451873700335	-56.312793243415	-46.22398001604492	-36.75378700150189	-28.038828116944575	-19.97170627204453	-12.772778677520048	-6.510431544661017	-1.387257478276756	2.3539076982264353	4.567095737701953	4.692444397409623	1.8132818463060705
-100	-100	-100	-100	-100	-100	-100	-100	-100	-100	-100	-100	-100	-91.7793653322086	-80.3401691220877	-69.5444524720827	-59.36715240001115	-49.78794555206872	-40.66119973036562	-32.292583220148934	-24.552623330449062	-17.571963863336492	-11.282627392591982	-5.766077509161596	-1.1555823625514643	2.386266779711722	4.711633076038864	5.7386545230231345	5.014491791463692	1.7817667790978478
-100	-100	-100	-100	-100	-100	-100	-100	-100	-100	-100	-91.06513376044349	-79.91955316642655	-69.46485900743053	-59.674986765780616	-50.519680619904875	-41.96489963430943	-34.029376745491994	-26.54620351950742	-19.822443272489956	-13.768923359743509	-8.427817683999857	-3.7135261964933983	0.24059004807097484	3.335240427053832	5.510781943772886	6.6131696267637015	6.656913359975217	5.241845589453631	1.7429415575408556
-100	-100	-100	-100	-100	-100	-100	-100	-100	-88.83332449161776	-77.83463862644692	-67.58476576702955	-58.048059150504756	-49.19073186026172	-40.9835497190883	-33.40157432537919	-26.425924598482606	-20.090386003560464	-14.16390954687236	-8.987350749353936	-4.420793098553918	-0.5941626029242837	2.6756602032264096	5.219097352549671	7.021128285037839	8.0128329306051	8.094161298330638	7.342837224036309	5.386376499408602	1.6987496243400946
-100	-100	-100	-100	-100	-100	-97.8233533835885	-85.93943199807441	-74.91910954151258	-64.71811012105883	-55.282333247715044	-46.58554093726296	-38.57206506161627	-31.226286867903394	-24.558651962162486	-18.45430715702401	-12.965961325230504	-8.050051047295636	-3.570559874884779	0.1952357335886008	3.3806607699006683	5.880226283574491	7.861700928210913	9.22061721036524	9.9207352243205	9.924837103798321	9.206097098207868	7.806781828892253	5.461629398681034	1.6521241641642104
-100	-100	-100	-100	-95.59786335419166	-83.42259023941573	-72.18404149570628	-61.83922703521435	-52.35940273603573	-43.645131816901184	-35.67430403842839	-28.412814937382755	-21.81969922955519	-15.885210157579621	-10.555945749220196	-5.82476791857669	-1.6699427927373236	1.9231054573434152	5.126535752988806	7.641235687668076	9.633550496519613	10.99976923326451	11.91572259882802	12.282225526857284	12.088431001746859	11.332784197870826	9.978659763793072	8.101458103358882	5.480186879739283	1.605139844970295
-100	-100	-95.2886923015096	-82.59014468943693	-70.8963755532677	-60.174965023428676	-50.35813868122686	-41.40449045913164	-33.26689027975071	-25.90063068867861	-19.25060167893693	-13.287773892999036	-7.983627455938213	-3.2942674523474444	0.7989389466902583	4.3367818764742445	7.328400768166459	9.792353231077131	11.904231007054983	13.385474293700774	14.388303781430325	14.832598423502997	14.891551614498168	14.484757331029567	13.621319144035224	12.287734330947655	10.455584580569	8.25632064904013	5.455907455875526	1.5588199569308743
-98.39236451012269	-84.851348006813	-72.43926488354698	-61.075812272667605	-50.675843948830206	-41.22422842885046	-32.66479156121204	-24.93929267159276	-17.994135146986423	-11.7974809093545	-6.296431651068662	-1.4472356200997485	2.7709930115529238	6.395246555709475	9.464909931368476	12.011942014107747	14.052420673560308	15.61392834946773	16.854862238738914	17.516926576555548	17.753723452497702	17.496528694658974	16.921600784963857	15.959436433036647	14.596293200236415	12.844772178533649	10.708743656128913	8.302246079637332	5.400300291456911	1.5148120782878234
-78.54230944185973	-66.15579312104356	-54.88363988545682	-44.625123914795054	-35.305563394050914	-26.917385085222705	-19.377960088206517	-12.656641830416634	-6.691535172740668	-1.4386505187554262	3.1456879437563625	7.104441447850944	10.466593122092409	13.269522211049676	15.546868839419794	17.332607357004566	18.656766686044527	19.53450143392258	20.141765530273236	20.21509028970149	19.915331311327417	19.164971883011813	18.155664021711512	16.797081610366018	15.113858647922013	13.111577387358738	10.784148316360703	8.269426614956018	5.3216798643347785	1.4740101615181171
-64.62607591437376	-53.128403718091946	-42.71086238713111	-33.287391698083596	-24.791359640202803	-17.195592832842955	-10.428444710273048	-4.446903908408729	0.8031562492506055	5.364199242180679	9.283559290411358	12.601530343227035	15.353466768199517	17.57885953610607	19.311205320014594	20.582051976638258	21.421256821825754	21.85667236765183	22.049496540004036	21.735895099016574	21.08435971989196	20.018795632548773	18.744627098135506	17.16678996556117	15.305180327032874	13.167027148091723	10.747743423159358	8.185241700630867	5.233832337132188	1.4373741845635286
-56.274648457265116	-45.356346625525546	-35.51510567939463	-26.650203187876333	-18.683319057082223	-11.6060522773325	-5.328898143376389	0.18215722295492043	4.981145690180862	9.111029580802084	12.618850558181549	15.546619194541405	17.932209874343688	19.80984814947847	21.21369413817228	22.178583822053664	22.73471562708847	22.90867073005483	22.869481511217263	22.353423077399192	21.52338004101056	20.304552763882846	18.9015985837129	17.21962831503753	15.27960663452214	13.08850009116977	10.639059889733263	8.071503068739801	5.148214409997	1.406058074878828
-52.43587822932747	-41.84561684071277	-32.29635846438542	-23.72169334498085	-16.032297589915306	-9.213980742752817	-3.196680712407365	2.073516140078929	6.6437914533900235	10.557980737505192	13.863115663176382	16.603427159183717	18.814836368810898	20.534523884303916	21.794978769854353	22.62930255718708	23.069188304992316	23.138899687725598	23.00686331680024	22.412103636944337	21.51644618515126	20.244498115600422	18.79180569858955	17.09141914024686	15.133901782225136	12.93822811639382	10.499692169697191	7.9580541516772865	5.072783970816285	1.381023607626533
-51.57639229608157	-41.09448249902948	-31.656547240659464	-23.166716343246378	-15.567029125079236	-8.83257948391437	-2.886509960459284	2.3047111011387145	6.808454004391011	10.66135359796019	13.91078823957619	16.600917515608984	18.76838228026984	20.449100889682605	21.676012856080252	22.482640918691363	22.897111021545562	22.94830164845237	22.802623195424708	22.19906170407961	21.29983077607347	20.02965169536967	18.58301642244407	16.895039210072177	14.956280709023885	12.784037602959344	10.372959123929586	7.862990264387594	5.013793662675964	1.3626753711642245
-51.95173432171896	-41.474878002879436	-32.04068451855747	-23.56366067588424	-15.954098010505016	-9.219071924660751	-3.271120421190691	1.923511580787756	6.431868738522124	10.290766980714649	13.547587909218302	16.246396369453695	18.42353000641246	20.11490826295406	21.35523031905257	22.17436669888063	22.60416723002964	22.671414133940683	22.543844735045504	21.958886068652383	21.07893298158428	19.82893795622347	18.403368898761737	16.737332255837046	14.821126199503958	12.67219617314918	10.285280742102845	7.800258669203872	4.976590636620294	1.3514764306502138
-52.24785175381645	-41.76058708937183	-32.31601646857291	-23.82853595353476	-16.20855432643875	-9.462994071306639	-3.504505399817851	1.7006560559808679	6.219499059200146	10.088879226094855	13.35615654584264	16.06540304695673	18.252961404662653	19.955800838223453	21.20538709069443	22.034855503096995	22.47495136878383	22.552405495104686	22.43499764215441	21.860103563982413	20.990140642460627	19.75005540994942	18.334306003688226	16.677921662818235	14.77126250388602	12.631784161413691	10.254208867454405	7.778405034296551	4.963841599195927	1.3477113769006097
-51.95173421015362	-41.47487800458575	-32.040684518431064	-23.563660675779442	-15.954098010601244	-9.219071924571855	-3.2711204211904814	1.9235115808620273	6.4318687384463695	10.29076698065335	13.547587909300235	16.246396369503497	18.42353000641246	20.114908262914817	21.35523031908704	22.174366698850637	22.604167230029702	22.671414133918542	22.543844735064198	21.958886068636772	21.078932981596928	19.828937956213395	18.403368898761737	16.737332255837046	14.821126199507866	12.672196173146437	10.285280742101197	7.8002586692047	4.976590636620571	1.3514763936700154
-51.57648497976759	-41.09448250244509	-31.65654724153248	-23.166716343244786	-15.56702912508162	-8.832548967985408	-2.886509960458988	2.304711101732619	6.808454003850302	10.661353597470214	13.910788239107353	16.60091751521245	18.768429612974614	20.449100889995574	21.676012856308407	22.482640918642314	22.897111021545562	22.948301648629794	22.80262319527516	22.199012584578895	21.299830775972197	20.029651695450294	18.583048465284012	16.895039210118853	14.9562807089907	12.784037602937346	10.372959123916448	7.86299026439411	5.013793662675964	1.3626753711644342
-52.435877906062515	-41.84579602758132	-32.296514379895974	-23.72169334779266	-16.032297587319437	-9.213980742751621	-3.1966807102167953	2.0735224752109995	6.6437914533898805	10.55798073915681	13.863115661686036	16.60342715788067	18.814943127814267	20.534523884304065	21.79497876892502	22.629302557188183	23.069318273802757	23.13889968767935	23.00686331730422	22.412103636483888	21.516446185151374	20.244498115872233	18.791805698589467	17.091419140382268	15.133901782113425	12.938258900880992	10.499711542510603	7.958054151655153	5.072787606695261	1.381023939883871
-56.27464803990607	-45.35634663033143	-35.51510567933835	-26.650203194530743	-18.683145486710913	-11.606052277306762	-5.328898143376335	0.1821572229556061	4.981145685866809	9.11102957689251	12.618850561708356	15.546619194541003	17.9322098771659	19.809848147022258	21.213694138172137	22.17858382205498	22.734715627087517	22.908670728640836	22.869481511217824	22.35342307640761	21.523204028072804	20.304552764526342	18.90147058238499	17.219628315059385	15.279606634257656	13.088500091169829	10.639025491789257	8.071503068795998	5.148214410014995	1.406058074877247
-64.62607541645713	-53.12840373931952	-42.71086238706886	-33.28739169808216	-24.791359652174425	-17.19577411565097	-10.428540141990517	-4.4469039176466625	0.8030895247052765	5.364199242181075	9.283559283537887	12.601530343228609	15.353466762657973	17.579190521253086	19.311205324301376	20.582051976637576	21.42161836398697	21.856672370410255	22.04916374805272	21.73558832416969	21.08435971831776	20.019034275164234	18.744627098135478	17.166789964835214	15.305180326517272	13.167027148088248	10.747743423159319	8.18526978940678	5.233832337132185	1.4373741845635286
-78.54230888177467	-66.15579310241006	-54.88363986123804	-44.62561740191843	-35.30518708068144	-26.91738508522247	-19.377828959513327	-12.656641830417668	-6.691434256917135	-1.4386505187538097	3.145688101510858	7.104070411742666	10.466593122089204	13.269043863162024	15.546868839421485	17.3326073570046	18.65676668604535	19.534501429169772	20.14176553031987	20.215090286372263	19.915331314041627	19.164971880849674	18.15537665504642	16.797081609116017	15.113858647033489	13.111577386757746	10.784148316008757	8.269426614780137	5.3216798643347785	1.4740101615181171
-98.39236396575166	-84.85042288566592	-72.4392649216797	-61.07647036066332	-50.67584398151372	-41.22422842885059	-32.66496006039635	-24.93929269680852	-17.994135146989017	-11.797197102205054	-6.296431632299689	-1.4472356369329518	2.7709930115662074	6.3952465557113225	9.465603475745585	12.01194201410774	14.053130762281267	15.614617851273383	16.854862232388324	17.51752609780864	17.75372345679454	17.49652869465212	16.921600784964014	15.959436431055646	14.596530199936696	12.844772177600024	10.708743656687368	8.302246079358802	5.400319928347442	1.5148120782878234
-100	-100	-95.28766626999843	-82.58930550278019	-70.89637555326695	-60.17496502342902	-50.35834378115126	-41.404490496646375	-33.26689031390521	-25.90063068868037	-19.251140374895733	-13.287773892996169	-7.983627433600664	-3.2942674721491265	0.7989389466887538	4.336781876480011	7.328400768169557	9.791452154928928	11.904230997562621	13.38547429371851	14.388303775036904	14.833207233306416	14.891551618442323	14.484757333974844	13.621319141942331	12.287734332336457	10.455584579739446	8.256320649454924	5.455907455875586	1.5588199569183048
-100	-100	-100	-100	-95.59863999878141	-83.4225901759383	-72.1840415539591	-61.83922703521377	-52.359402687588215	-43.64562733716021	-35.67430407803623	-28.41281493738404	-21.81969922955273	-15.88521015754754	-10.555945724520445	-5.82476794012679	-1.6699428113358472	1.92196436963619	5.126535739586664	7.641235687668055	9.632663141179451	10.998999879347332	11.915722598828024	12.281778693025187	12.088820906450122	11.332784197870996	9.978831916201212	8.101458103358882	5.480186879737679	1.6051398449881864
-100	-100	-100	-100	-100	-100	-97.8233533040152	-85.93943207078989	-74.91875345847235	-64.71811018104944	-55.282333193596486	-46.58554098581453	-38.57206510492024	-31.22628690627693	-24.5586519621599	-18.454307157024743	-12.965961350635625	-8.051460690615333	-3.5692290372547433	0.19523573358763446	3.3808073537127683	5.880226283575046	7.861700674782524	9.220617204658126	9.920735224320559	9.924837106489974	9.20609709660084	7.806781829695432	5.461629398404775	1.6521241641642104
-100	-100	-100	-100	-100	-100	-100	-100	-100	-88.83332448048137	-77.83463862643544	-67.5860001874301	-58.048059207886375	-49.190731860260776	-40.98528871920412	-33.39979859676565	-26.42416091596017	-20.090386003577375	-14.163909546913787	-8.987350749313926	-4.4221151682212465	-0.5930174628538847	2.6756602133572924	5.219097345002389	7.021128279661014	8.012832930604961	8.094161296200314	7.342837224036309	5.3863764994085095	1.6987496243723674
-100	-100	-100	-100	-100	-100	-100	-100	-100	-100	-100	-91.06513376044947	-79.91955316642678	-69.46485907307076	-59.67498682355492	-50.51968056952545	-41.96489967782395	-34.029376782674184	-26.546203488156817	-19.822443246465177	-13.768920418700459	-8.427817700899238	-3.713526209571154	0.24149811097252982	3.3352404201074597	5.510781939165109	6.613169624011766	6.656913361350103	5.2418455899264265	1.7429415574991467
-100	-100	-100	-100	-100	-100	-100	-100	-100	-100	-100	-100	-100	-91.77936533220968	-80.34016919518935	-69.54445253579198	-59.36715245504737	-49.78794555202036	-40.661199769959275	-32.29464575358403	-24.5526233304485	-17.5719638847181	-11.28395662057577	-5.7660775091709535	-1.155582371352403	2.3862667797125887	4.711986754494652	5.738654524762003	5.014491790865707	1.7817667790978549
-100	-100	-100	-100	-100	-100	-100	-97.13463237399769	-100	-100	-100	-100	-100	-100	-100	-90.269715425662	-78.3929283659066	-67.13451867862324	-56.312793191721454	-46.22398005691409	-36.75378703484668	-28.038828116906895	-19.970169353064612	-12.772778692888089	-6.511320185658985	-1.3872574710308436	2.3539076982249574	4.567095737702132	4.6924443974095515	1.8132818463715328
