15.405352244852129	14.980988309894022	14.4648523438861	13.858272944878976	13.162573460345808	12.379070648253196	11.50907470400097	10.553889715716938	9.514813661031916	8.393137137601652	7.190146006932293	5.907118609193059	4.545327236565441	3.1060381002339206	1.5905112720621162	0.0	-1.6642481768275275	-3.4009925359845923	-5.208998351864238	-7.0870371506515575	-9.033886650169183	-11.048331050784785	-13.129160727563065	-15.27517235273508	-17.485168809992604	-19.75795922259859	-22.09235921322583	-24.48719039398026	-26.941281000586795	-29.453465113883762
15.408108738029416	14.984805791521346	14.469542349326005	13.863650276583353	13.168454489493499	12.385274331800922	11.515422617854252	10.56020573364808	9.520923519067837	8.398869674199013	7.1953318231105925	5.911591082215029	4.548922088311077	3.108593411725959	1.5918675007923575	0.0	-1.665759027804615	-3.4041665525689666	-5.213985205719773	-7.093984214511149	-9.042938868865662	-11.059630785301788	-13.14284798391925	-15.291384589855756	-17.504041084005753	-19.779624262570184	-22.116946804021122	-24.51482849191444	-26.97209424632658	-29.487576327848355
15.41064685819283	14.988337034201887	14.473891272322792	13.868642809808964	13.17392020966875	12.391044187078567	11.521329559359557	10.566085064989807	9.526612713126472	8.40420906809837	7.2001630146520785	5.915758459397942	4.552272228340996	3.110975094380734	1.5931317244040208	0.0	-1.6671676604681558	-3.4071260730423667	-5.218635464883629	-7.100462731171437	-9.0513810826935	-11.070169684041094	-13.15561429095909	-15.306506725179705	-17.52164515284952	-19.799834003921365	-22.13988405826488	-24.540611868974434	-27.00084113535601	-29.51940122180717
15.412972700678399	14.99158687099907	14.47790193249547	13.873254166323662	13.17897245854892	12.396380740682837	11.52679562234223	10.571527638010839	9.531881252871063	8.409154696389198	7.204638934237924	5.919620024705022	4.555376972267535	3.1131825945349725	1.594303617773143	0.0	-1.6684736759371823	-3.409870162246115	-5.2229475198238156	-7.106470516061549	-9.05921025885674	-11.079943833926468	-13.167454770501248	-15.320532820951552	-17.53797398130843	-19.81858048624375	-22.1611609587348	-24.56453014171689	-27.027509219674098	-29.548925209160625
15.415091021493625	14.99455956782824	14.481578835073705	13.877486331902555	13.183613660441445	12.40128582247489	11.531821854278647	10.576534128369643	9.536728953585309	8.413705977593853	7.208758982721733	5.923175114416207	4.558235685187331	3.115215398289294	1.5953828790173503	0.0	-1.6696766821434572	-3.4123979513320926	-5.2269199369059685	-7.1120054568526285	-9.06642357871819	-11.08894957379216	-13.178364885099779	-15.333457357640238	-17.553020977201538	-19.83585598538161	-22.18076892703353	-24.586572921677377	-27.05208650359685	-29.576135530358666
15.41700790248009	14.9972598963688	14.484924784658565	13.881342016350622	13.187845310670927	12.40576064987652	11.536409028127027	10.581104695445386	9.541155648344269	8.41786283324559	7.212522609084875	5.926423117296377	4.560847781960398	3.117073031795389	1.5963692296885803	0.0	-1.6707762949409535	-3.4147086384374923	-5.230551392868893	-7.117065593028325	-9.073018444199654	-11.097183545983778	-13.188340445372344	-15.345275167117567	-17.56677992166905	-19.851653244607537	-22.19869976819039	-24.606730504444567	-27.074562895942574	-29.601020532756376
15.418727379835058	14.9996909180749	14.487942629108801	13.884823767462372	13.19166863488621	12.40980616568031	11.54055767683507	10.58523948900075	9.54516083000626	8.421624896348339	7.215929166558784	5.929363474750286	4.5632127274657215	3.1187550615175397	1.5972624149496006	0.0	-1.6717721843190638	-3.4168014893084653	-5.233840675891958	-7.121649162771579	-9.078992522914092	-11.104642674929533	-13.197377605359986	-15.355981654118	-17.579245413021017	-19.865965737042824	-22.214945819829378	-24.62499466366285	-27.094928521746024	-29.623568505968517
15.420254100006577	15.001856614997415	14.490635574704681	13.887933456579983	13.19508564821274	12.413422815460178	11.54426808251555	10.58893840095563	9.548744692159	8.42499183584048	7.21897823078606	5.931995680962753	4.565330036836013	3.1202610944752394	1.598062203738035	0.0	-1.672664050947418	-3.418675837871813	-5.236786686574316	-7.1257545675804685	-9.084343591196532	-11.111324169810008	-13.205472889085502	-15.365572587380893	-17.59041239822896	-19.87878767353337	-22.22950008575982	-24.64135753353811	-27.113173974493368	-29.643769987233494
15.421592171332092	15.003760250456217	14.493006015484362	13.890672519713124	13.198097625576093	12.416612015182235	11.547540637162122	10.592201651818758	9.551907192611719	8.427963356304293	7.221669538276231	5.934319283025051	4.567199275669996	3.121590778461819	1.5987683889133315	0.0	-1.6734516263990216	-3.4203310867562173	-5.23938843882593	-7.129380373600942	-9.089069709101999	-11.117225526986086	-13.212623175269083	-15.374044165763063	-17.60027634370407	-19.890113733151065	-22.24235666273052	-24.655811931743283	-27.129291843141058	-29.66161613136141
15.422744791635573	15.005404468366617	14.495055641770254	13.893043123113802	13.200705697958103	12.419374495293562	11.550376047132776	10.595029563115691	9.5546482288999	8.430539197706118	7.224002730155611	5.936333881047965	4.568820060223132	3.122743802241743	1.5993807869179832	0.0	-1.6741346733508848	-3.4217667077596055	-5.241645060667366	-7.132525312824189	-9.093169160976512	-11.12234453583741	-13.218825700626677	-15.381393027201984	-17.60883323942333	-19.899939209332675	-22.253510099666233	-24.668351529260494	-27.14327504581672	-29.67709897124561
15.423714708157693	15.00679125798007	14.496786677628979	13.89504665465211	13.202910639349366	12.421710892338547	11.552774654632074	10.597422235855214	9.556967713242521	8.432719135162166	7.225977495473096	5.9380390253430555	4.570192057575635	3.1237198957238768	1.5998992143961743	0.0	-1.6747129857617011	-3.4229822422637355	-5.243555794939468	-7.135188284148942	-9.096640456926842	-11.126679284071631	-13.224078065314426	-15.387616251741829	-17.616079594112495	-19.90826001421806	-22.262955661962284	-24.678971164892115	-27.15511743122968	-29.69021122115323
15.424504867478891	15.007923159068891	14.498200832513646	13.896684292943315	13.204713366417295	12.423621747469749	11.554736751054206	10.599379756745272	9.558865572106917	8.434502978735733	7.227593571170356	5.939434524332196	4.571314985778766	3.1245188301126916	1.6003235662299282	0.0	-1.67518638902607	-3.423977301593709	-5.245119999920316	-7.1373683543028825	-9.099482334098433	-11.130228124085857	-13.228378235062781	-15.392711364168367	-17.622012401906257	-19.91507259280497	-22.27068933590073	-24.68766624168561	-27.16481378450575	-29.700947356464038
15.425117311899507	15.00880181614123	14.499299392703422	13.897957005223013	13.206114772515335	12.425107505183576	11.556262576067795	10.600902197575458	9.560341745838638	8.435890494334185	7.228850742054648	5.940520161708889	4.572188613978451	3.125140418037411	1.6006537321475172	0.0	-1.6755547401058486	-3.4247515673250355	-5.246337149847651	-7.139064758627505	-9.101693757761087	-11.132989720283991	-13.231724542988236	-15.39667632642509	-17.626629321055606	-19.920374194798203	-22.27670783239805	-24.69443299256699	-27.172359628485975	-29.709302678406953
15.425553633148004	15.009428510998806	14.50008336089196	13.898865545602217	13.207115393323807	12.42616851228154	11.557352316864797	10.6019896147105	9.561396188357254	8.436881624372482	7.229748840777363	5.941295750540583	4.572812762516033	3.125584513655401	1.600889626308188	0.0	-1.6758179276374996	-3.425304791532561	-5.2472068353490435	-7.140276901720153	-9.103273922198888	-11.134963032649477	-13.234115691080508	-15.399509559753621	-17.629928467610046	-19.92416263465314	-22.281008533757085	-24.69926848389232	-27.177751872366255	-29.715273442923884
15.425814969927114	15.009804160684297	14.500553454498457	13.899410453706299	13.207715612236793	12.426805017059214	11.558006107573867	10.602642048694534	9.562028866918464	8.437476336769894	7.230287747816302	5.941761157271213	4.57318730300786	3.1258510127352004	1.601031187357421	0.0	-1.6759758720154245	-3.425636796987785	-5.247728763776443	-7.14100435793441	-9.104222251403751	-11.136147317660782	-13.23555075135997	-15.401209951707468	-15.401210032555916	-17.63190849488121	-19.926436331375754	-22.283589664755695	-24.702170618219967	-27.18098817106575	-29.718856973114498
15.425902006158053	15.009929316011867	14.500710104458548	13.899592053700982	13.207915659597063	12.427017150341543	11.558224028840284	10.602859523967318	9.562239761943754	8.437674579963177	7.230467391463257	5.941916301754002	4.573312158401123	3.1259398527144384	1.6010783784667417	0.0	-1.6760285254522849	-3.4257474772976053	-5.247902759444678	-7.141246871739515	-9.104538399572426	-11.136542128942942	-13.236029166707048	-15.401776824372014	-17.63256859354655	-19.927194335780037	-22.28445016395039	-24.703138136290995	-27.18206709607273	-29.720051661809663
15.425814969925037	15.0098041606843	14.50055345449846	13.899410453706302	13.207715612236795	12.426805017059218	11.558006107573869	10.602642048694538	9.562028866918467	8.437476336769901	7.2302877478163055	5.941761157271216	4.573187303007867	3.1258510127352004	1.6010311873574246	0.0	-1.675975872015421	-3.425636796987778	-5.247728763776443	-7.141004357934406	-9.104222251403748	-11.136147317660779	-13.235550751359966	-15.401209951707465	-17.631908494654922	-19.926436331375143	-22.283589664755695	-24.702170618219967	-27.18098817106575	-29.718856973114498
15.425553633123489	15.009428510998791	14.500083360891963	13.898865545602218	13.207115393323813	12.426168512281542	11.5573523168648	10.601989614710504	9.561396188357259	8.436881624372486	7.229748840777367	5.941295750540583	4.572812762516037	3.1255845136554044	1.600889626308195	0.0	-1.675817927637496	-3.425304791532554	-5.24720683534904	-7.140276901720149	-9.103273922198884	-11.134963032649473	-13.234115691080504	-15.39950955975361	-17.629928467610043	-19.92416263465313	-22.28100853375708	-24.699268483892318	-27.177751872366244	-29.71527344292388
15.425117311811881	15.008801816141219	14.499299392703426	13.897957005223017	13.20611477251534	12.425107505183583	11.5562625760678	10.600902197575458	9.560341745838642	8.435890494334192	7.22885074205465	5.940520161708896	4.572188613978454	3.1251404180374145	1.6006537321475207	0.0	-1.6755547401058486	-3.4247515673250284	-5.246337149847651	-7.139064758627505	-9.10169375776108	-11.13298972028398	-13.231724542988232	-15.396676326425087	-17.626629321055603	-19.920374194798192	-22.27670783239804	-24.69443299256706	-27.17235962848593	-29.70930267840695
15.424504867267157	15.00792315906888	14.498200832513652	13.896684292943316	13.204713366417298	12.423621747469724	11.554736751054207	10.599379756745275	9.558865572106923	8.434502978735738	7.227593571170363	5.939434524332199	4.571314985778773	3.124518830112695	1.6003235662299318	0.0	-1.6751863890260665	-3.4239773015937054	-5.245119999920309	-7.137368354302875	-9.099482334098482	-11.130228124085853	-13.228378235062777	-15.392711364168356	-17.622012401906318	-19.91507259280492	-22.270689335900727	-24.687666241685598	-27.164813784505746	-29.700947356464027
15.423714707740345	15.006791257980074	14.496786677628982	13.895046654652115	13.202910639349371	12.421710892338549	11.552774654632081	10.59742223585522	9.556967713242521	8.43271913516217	7.225977495473099	5.938039025343063	4.570192057575635	3.1237198957238803	1.5998992143961814	0.0	-1.6747129857617011	-3.422982242263732	-5.243555794939464	-7.13518828414896	-9.096640456926835	-11.126679284071628	-13.224078065314423	-15.387616251741825	-17.6160795941125	-19.908260014218058	-22.262955661962273	-24.67897116489211	-27.155117431229677	-29.69021122115322
15.422744790910619	15.005404468366615	14.495055641770257	13.893043123113808	13.200705697958108	12.419374495293567	11.55037604713278	10.595029563115697	9.554648228899904	8.430539197706096	7.224002730155613	5.936333881047972	4.568820060223132	3.122743802241743	1.5993807869179832	0.0	-1.6741346733508777	-3.421766707759602	-5.241645060667363	-7.132525312824182	-9.093169160976512	-11.1223445358374	-13.218825700626674	-15.38139302720198	-17.608833239423326	-19.899939209332672	-22.253510099666236	-24.66835152926049	-27.143275045816722	-29.67709897124559
15.421592170176742	15.0037602504562	14.493006015484365	13.89067251971313	13.198097625576095	12.416612015182238	11.547540637162125	10.59220165181876	9.551907192611724	8.427963356304296	7.221669538276236	5.934319283025054	4.567199275669996	3.121590778461826	1.5987683889133386	0.0	-1.673451626399011	-3.420331086756221	-5.239388438825927	-7.129380373600942	-9.089069709101995	-11.117225526986083	-13.21262317526908	-15.37404416576306	-17.60027634370411	-19.89011373315106	-22.242356662730515	-24.65581193174328	-27.129291843141168	-29.661616131361413
15.420254098277889	15.001856614997415	14.490635574704685	13.887933456579988	13.195085648212743	12.413422815460184	11.544268082515554	10.588938400955634	9.548744692159003	8.424991835840485	7.218978230786062	5.931995680962757	4.565330036836016	3.1202610944752394	1.5980622037380385	0.0	-1.6726640509474144	-3.4186758378718096	-5.2367866865743125	-7.125754567580465	-9.084343591196529	-11.111324169810011	-13.205472889085499	-15.365572587380889	-17.590412398228963	-19.87878767353336	-22.229500085759817	-24.641357533538113	-27.113173974493428	-29.643769987233668
15.418727377369176	14.999690918074897	14.487942629108803	13.884823767462375	13.191668634886216	12.409806165680314	11.540557676835077	10.585239489000752	9.545160830006262	8.421624896348344	7.215929166558819	5.929363474750289	4.5632127274657215	3.1187550615175432	1.5972624149496077	0.0	-1.6717721843190603	-3.416801489308469	-5.233840675891955	-7.1216491627715754	-9.078992522914092	-11.10464267492953	-13.197377605359982	-15.35598165411799	-17.579245413021006	-19.86596573704282	-22.214945819829367	-24.624994663662847	-27.094928521746027	-29.623568505968507
15.41700789909141	14.997259896368767	14.48492478465857	13.881342016350624	13.18784531067093	12.405760649876523	11.53640902812703	10.581104695445392	9.541155648344274	8.417862833245595	7.212522609084878	5.92642311729638	4.560847781960405	3.1170730317953854	1.5963692296885874	0.0	-1.67077629494095	-3.4147086384374923	-5.230551392868893	-7.117065593028414	-9.07301844419965	-11.097183545983775	-13.18834044537234	-15.345275167117535	-17.566779921669045	-19.851653244607526	-22.198699768190387	-24.606730504444556	-27.074562895942563	-29.601020532756372
15.415091016977074	14.994559567828256	14.481578835073709	13.877486331902558	13.183613660441447	12.401285822474893	11.53182185427865	10.576534128369648	9.536728953585314	8.413705977593859	7.208758982721738	5.92317511441621	4.558235685187338	3.115215398289301	1.5953828790173503	0.0	-1.6696766821434572	-3.4123979513320855	-5.226919936905965	-7.112005456852625	-9.066423578718183	-11.08894957379215	-13.178364885099782	-15.333457357640235	-17.553020977201534	-19.835855985381606	-22.18076892703352	-24.586572921677423	-27.052086503596847	-29.576135530358748
15.41297269480719	14.991586870999143	14.477901932495474	13.873254166323639	13.178972458548955	12.396380740682838	11.526795622342235	10.571527638010847	9.531881252871068	8.409154696389201	7.204638934237927	5.919620024705022	4.555376972267542	3.1131825945349725	1.5943036177731393	0.0	-1.6684736759371788	-3.4098701622461114	-5.2229475198238084	-7.106470516061545	-9.059210258856737	-11.079943833926457	-13.167454770501216	-15.320532820951549	-17.53797398130842	-19.818580486243746	-22.161160958734797	-24.56453014171688	-27.027509219674123	-29.548925209160622
15.410646850717207	14.988337034201958	14.473891272322795	13.868642809808966	13.173920209668754	12.391044187078574	11.521329559359561	10.566085064989814	9.526612713126477	8.404209068098375	7.20016301465208	5.915758459397885	4.552272228341003	3.1109750943807377	1.5931317244040244	0.0	-1.6671676604681522	-3.407126073042363	-5.218635464883619	-7.100462731171433	-9.0513810826935	-11.070169684041083	-13.155614290959072	-15.306506725179695	-17.521645152849516	-19.79983400392137	-22.139884058264876	-24.540611868974423	-27.00084113535602	-29.519401221807165
15.408108728681578	14.984805791521529	14.469542349326018	13.863650276583357	13.168454489493504	12.385274331800925	11.51542261785426	10.560205733648084	9.520923519067777	8.398869674199013	7.195331823110637	5.911591082215033	4.54892208831108	3.1085934117259626	1.591867500792361	0.0	-1.6657590278046115	-3.4041665525689595	-5.213985205719769	-7.093984214511142	-9.042938868865665	-11.059630785301827	-13.142847983919246	-15.291384589855753	-17.504041084005742	-19.77962426257018	-22.11694680402112	-24.51482849191435	-26.972094246326577	-29.48757632784828
