-0.06944529560109913	-0.07649045898937779	-0.08309545308475386	-0.08925207616193731	-0.0949159880121897	-0.10010388921084612	-0.10482154138148658	-0.10906230472916612	-0.11281912285140017	-0.11608668077429485	-0.1188597724609366	-0.12113432999264262	-0.12290676276795764	-0.12417459831489097	-0.12493616102666039	-0.12519014635529402	-0.12493616103203031	-0.12417459832497713	-0.1229067627838738	-0.12113433001278295	-0.11885977248415003	-0.11608668080314821	-0.11281912288412954	-0.10906230476573953	-0.10482154142185962	-0.10010388925378066	-0.0949159880575472	-0.08925207621044784	-0.0830954532423025	-0.07649044539471106
0.04968702417493631	0.054192906692248854	0.05836250736082427	0.062239115360727126	0.06578661696984334	0.0690094075287142	0.07191179838495643	0.07449802692355334	0.07677108004421385	0.07873494851510543	0.08039200112952471	0.08174450885657336	0.08279457610231233	0.08354356878684044	0.08399250043990314	0.0841420770693837	0.083992500440214	0.0835435687865278	0.08279457610369256	0.08174450885702989	0.08039200113111633	0.07873494851635776	0.07677108004551769	0.07449802692436869	0.07191179838661554	0.0690094075300749	0.06578661697083277	0.06223911536120674	0.058362507361376714	0.05419290663812504
0.1631964751864814	0.17573429126137796	0.18711870606519554	0.1974677868647703	0.20684672731149334	0.21524702197190493	0.22270875165942705	0.2292670161254442	0.23496231744720575	0.23982864205158272	0.24389891224405247	0.24720592388117524	0.24975639153746343	0.25156678145730105	0.25264839910127534	0.25300813357419116	0.25264839910197523	0.2515667814587026	0.24975639153953821	0.247205923884259	0.24389891224744176	0.23982864205519405	0.23496231745173723	0.22926701613047484	0.22270875166492132	0.21524702197778112	0.20684672731767684	0.19746778687037292	0.18711870606541936	0.17573429201649837
0.2643729571086624	0.28176909210164425	0.2972003320421823	0.3108524382891069	0.3230537150233683	0.33371701128960396	0.34297326538802153	0.3509356483119177	0.3577493180730791	0.36346786101063167	0.36817075318356096	0.37192687039151373	0.3747902441933917	0.3768051489237756	0.378001658468353	0.3783983444608534	0.3780016584677579	0.3768051489226032	0.37479024419162954	0.3719268703893821	0.36817075318056425	0.36346786100715534	0.3577493180687057	0.3509356483070629	0.34297326538252193	0.33371701128353237	0.3230537150167674	0.3108524382820761	0.29720033202620577	0.28176909326680644
0.349096084379255	0.36869016993176373	0.3855834155272113	0.4000477583081654	0.41221835183890576	0.42216335668117466	0.4304142197191432	0.4371110262115234	0.4424386178811517	0.4467277563523222	0.4501272068760116	0.4528144121026827	0.4548466755612939	0.45626166139081015	0.4570886773081462	0.45736055503780904	0.4570886773072971	0.4562616613890924	0.4548466755585068	0.4528144120990607	0.4501272068711657	0.44672775634627016	0.442438617873659	0.4371110262023663	0.4304142197071723	0.4221633566668501	0.4122183518225029	0.4000477582881068	0.38558341549806485	0.3686901710782742
0.41579119054989633	0.4354653305377987	0.45109900543772063	0.46364951062875015	0.4733737834885936	0.4811600899941375	0.48749431116416986	0.49235483221162823	0.49602758456710383	0.49870031829286354	0.5006044150735249	0.5019266629668984	0.5028073435756806	0.5033718899814517	0.5036793481779256	0.5037767090951064	0.5036793481781707	0.5033718899818052	0.5028073435759435	0.5019266629667314	0.5006044150726368	0.49870031829066264	0.49602758456285834	0.4923548322052085	0.48749431115473385	0.48116008998151294	0.4733737834733027	0.463649510609617	0.4510990054083486	0.4354653313977792
0.464554475263558	0.48243550553575787	0.4959361123826316	0.5064452112516644	0.5145738119344774	0.5204613795050896	0.5244428052816055	0.5269944605913981	0.5284771232468	0.5292079553468767	0.5294740777206606	0.5294122354425141	0.5291777544959544	0.5289106224002325	0.5287103226277861	0.5286364659478728	0.5287103226293475	0.528910622403238	0.5291777544999725	0.5294122354471824	0.5294740777253981	0.5292079553511257	0.5284771232499921	0.526994460592423	0.5244428052799002	0.5204613794994835	0.5145738119244498	0.5064452112368443	0.4959361123616013	0.48243550605072194
0.49745631692322156	0.513569792280915	0.5257958686657922	0.5348737159392556	0.5410434280022862	0.5448236051945159	0.5468108548514543	0.5475565230214947	0.5473669660214675	0.5464924190381328	0.5452797684780126	0.5440606866574065	0.542900508908378	0.5419549410375488	0.5413413005449232	0.5411287575880621	0.541341300547149	0.5419549410417339	0.5429005089141512	0.5440606866643449	0.5452797684856723	0.5464924190463147	0.5473669660288056	0.5475565230271968	0.5468108548552895	0.544823605195095	0.5410434279989929	0.5348737159313508	0.5257958686516169	0.5135697925560017
0.5179772616421694	0.5330092602669811	0.5443768370009909	0.5521027148197568	0.5567626669252217	0.5590956946351486	0.5598057532933733	0.5591980666509162	0.557662713878404	0.5557644259530505	0.5536039084252558	0.5514488584735044	0.5494731449464947	0.5479343014053679	0.5469598163682523	0.5466264439066375	0.5469598163701335	0.547934301408846	0.5494731449514987	0.5514488584796382	0.5536039084319402	0.5557644259599108	0.5576627138849339	0.5591980666568883	0.5598057532978018	0.5590956946379357	0.5567626669252466	0.5521027148169217	0.5443768369939441	0.5330092604210908
0.5290025296515424	0.5436390289151518	0.5542956812448452	0.5611806165550561	0.5650083602830236	0.5665530216511527	0.5664507012605888	0.5649854925829683	0.5628649788436579	0.5602453697725522	0.5573991297197551	0.5546144482567339	0.5521980683034577	0.5503440048639376	0.5491847925106939	0.5487894708013794	0.5491847925112481	0.5503440048650781	0.5521980683049108	0.5546144482586115	0.5573991297219312	0.560245369774691	0.5628649788457114	0.5649854925849791	0.5664507012621929	0.5665530216521439	0.5650083602833647	0.5611806165545588	0.5542956812430528	0.5436390290054156
0.5329538135639638	0.5474412644536759	0.5578346201097624	0.564398259221834	0.5679158408551128	0.569185878729666	0.5687641113700987	0.5670309019568514	0.5646473487355088	0.5617561963014666	0.5586306440423741	0.5556427957308756	0.5530685176613552	0.551107317676049	0.549874572735277	0.549454976436623	0.549874572734284	0.5511073176740151	0.5530685176586001	0.5556427957273016	0.5586306440382423	0.561756196297317	0.5646473487313273	0.5670309019531921	0.5687641113669741	0.5691858787276018	0.5679158408541021	0.5643982592223811	0.5578346201120397	0.5474412645060518
0.5316467294194602	0.5461870858166904	0.556671373305992	0.5633485607219093	0.5669749333124265	0.5683389624544635	0.5680311603257486	0.5663846422698899	0.5641006558834629	0.5613040293432459	0.558276358076041	0.5553594554505601	0.552837438001859	0.5509169537155589	0.5497097827194537	0.5492982498505228	0.549709782716878	0.5509169537105159	0.5528374379947625	0.5553594554417671	0.55827635806601	0.5613040293329874	0.5641006558736095	0.5663846422610064	0.5680311603181742	0.5683389624495536	0.5669749333103056	0.5633485607234778	0.5566713733122057	0.5461870858507769
0.5265078801554761	0.5412410486974046	0.5520774303453422	0.5591698403968142	0.5632029686405637	0.5649348676404404	0.5650408873229811	0.5637859233344962	0.5618081681129432	0.55936840993731	0.5567092565010707	0.5540600414011951	0.5517518938388566	0.5499706781295242	0.548854770556062	0.5484752292181412	0.5488547705521842	0.5499706781222535	0.5517518938284276	0.5540600413883503	0.5567092564869185	0.5593684099228398	0.5618081680990272	0.5637859233213476	0.5650408873126427	0.5649348676339638	0.5632029686385032	0.5591698404004326	0.5520774303559026	0.5412410487234212
0.5186374594654222	0.5336509602594237	0.5449968135806991	0.5526918585184291	0.5573212560112744	0.5596215843650789	0.5603055601537239	0.5596664078807159	0.5581086539628863	0.5561846248959323	0.5540000851628779	0.5518203441211558	0.5498283810699665	0.5482776744247886	0.5472959526086818	0.5469602044737165	0.5472959526043546	0.5482776744162159	0.5498283810578872	0.5518203441062415	0.5540000851467006	0.5561846248792772	0.5581086539470448	0.5596664078661018	0.560305560142897	0.5596215843583465	0.5573212560109795	0.5526918585253409	0.5449968135962333	0.5336509602824115
0.5088713711733295	0.52429587677425	0.5361305824515696	0.5445275660933895	0.5498841147522029	0.5529141921806264	0.5542017426568826	0.5542745870904149	0.5533639502452132	0.5518978145989664	0.5502610535196624	0.5485564085417618	0.5470004429148947	0.5457595894154146	0.5449444866728008	0.5446644965951233	0.5449444866683208	0.5457595894065452	0.5470004429024371	0.5485564085266503	0.5502610535030019	0.551897814581972	0.5533639502285119	0.5542745870765611	0.5542017426472121	0.5529141921760132	0.5498841147548248	0.5445275661053586	0.5361305824723281	0.524295876799119
0.49766374800803526	0.5137877778177433	0.5260190504196469	0.5351071988133675	0.5412886762242195	0.5450799372125736	0.5470788824817436	0.547832954605088	0.5476541116124096	0.5467893440657647	0.5455822868689459	0.5443700204651787	0.5432157088639933	0.5422743189920336	0.5416633961070652	0.5414517497027838	0.5416633961026491	0.5422743189836225	0.5432157088522409	0.544370020450959	0.5455822868533549	0.5467893440493192	0.5476541115975859	0.5478329545936163	0.547078882474219	0.5450799372117512	0.5412886762310567	0.5351071988298184	0.5260190504461981	0.5137877778461863
0.4856345448468069	0.5024749126419046	0.5150714130164538	0.5248620196797411	0.5318423828692165	0.5364220257328558	0.539193386921955	0.5405686211662619	0.5410854393797742	0.5408971463239656	0.5402513538477329	0.5393918011250811	0.5385772132891056	0.537928980838295	0.5374972574661996	0.5373459436911929	0.5374972574621868	0.5379289808307828	0.5385772132785718	0.5393918011116501	0.5402513538334226	0.5408971463101828	0.5410854393681586	0.5405686211571936	0.5391933869184289	0.5364220257361421	0.5318423828812477	0.5248620197017679	0.5150714130470764	0.5024749126746126
0.4731648057552498	0.49068577320528206	0.5037657373974529	0.5140530991853165	0.5217425771818718	0.5271445859168544	0.5306567794129506	0.5327776179587431	0.5338346046522702	0.5342648844320479	0.534200831955582	0.5338368541490581	0.5333589795827329	0.5329138147018444	0.5326052892718067	0.532495872382313	0.5326052892682593	0.5329138146950747	0.533358979573368	0.5338368541381016	0.5342008319442471	0.5342648844217663	0.5338346046442766	0.5327776179541033	0.5306567794137855	0.5271445859252655	0.5217425771990438	0.5140530992126351	0.503765737432273	0.49068577324295326
0.4604756001510726	0.4785084465640139	0.492282454793207	0.5029044350414473	0.5112715793381692	0.5174043532294199	0.5216609136815116	0.5244489402190418	0.526169856699731	0.5270667988130775	0.5275112074571773	0.527605735708331	0.5275037741698121	0.5273335864561073	0.5271923536660132	0.5271388465504252	0.5271923536632332	0.5273335864507587	0.5275037741625894	0.527605735700142	0.5275112074490007	0.5270667988056275	0.5261698566950876	0.5244489402185817	0.5216609136872492	0.517404353243041	0.5112715793604874	0.5029044350735923	0.492282454832754	0.4785084466094851
0.44769283199697796	0.46620897900263003	0.48069334428357635	0.4917187292349645	0.500569435570398	0.5073404612441692	0.5123130394721969	0.5157577920774994	0.5180595761428979	0.5195339344592043	0.5203771525767973	0.5208302008781196	0.5210584619680176	0.5211332676043483	0.5211477161496063	0.5211464677628719	0.5211477161475013	0.521133267600554	0.521058461962884	0.520830200872588	0.5203771525713599	0.5195339344557581	0.5180595761423312	0.5157577920816401	0.5123130394828301	0.5073404612624692	0.5005694355975798	0.491718729268694	0.48069334432738664	0.4662089790524995
0.43492618374124525	0.45399405532111814	0.46908581642807334	0.4806537682741485	0.4897648767903	0.49712291080499327	0.5026785583439093	0.5067758156410243	0.5096490711267574	0.5116144097706457	0.5129202995019995	0.5137372778365492	0.5142113722870576	0.5144634841543425	0.5146047963003664	0.5146485743715985	0.5146047962990075	0.5144634841516122	0.5142113722837021	0.5137372778332434	0.5129202994999211	0.5116144097706048	0.5096490711303474	0.5067758156496254	0.5026785583591753	0.49712291082773774	0.4897648768215461	0.4806537683120382	0.46908581647886294	0.453994055374487
0.4224341831935945	0.4419334410728055	0.4573917477904015	0.4696504571002471	0.4791444093336814	0.4868412736494605	0.49293439408533857	0.4975551770578974	0.5009926944845837	0.5034368437333754	0.5051477950370948	0.5063062234362086	0.5070743652742511	0.5075424344105048	0.5077907992041801	0.5078678768919787	0.5077907992034305	0.5075424344091708	0.5070743652730094	0.5063062234356774	0.5051477950380185	0.5034368437370347	0.5009926944920444	0.4975551770708755	0.4929343941045765	0.48684127367627106	0.479144409365972	0.4696504571415687	0.457391747844035	0.4419334411301463
0.4102735499398129	0.43000697111228803	0.4459194174096339	0.4587547234009026	0.46869484521623406	0.47664043834502934	0.4831461556987371	0.4882427809515839	0.49212907485028445	0.4950508051705107	0.49714628639003244	0.49863265734246554	0.49964676066178804	0.5002945376319268	0.5006528398170627	0.5007679020829965	0.5006528398169188	0.5002945376318504	0.49964676066229075	0.4986326573442028	0.4971462863939369	0.495050805177339	0.4921290748615412	0.4882427809679939	0.4831461557215704	0.4766404383736358	0.4686948452517825	0.4587547234477576	0.4459194174653369	0.4300069711738761
0.3984893196588253	0.41829929592965165	0.43467689450337943	0.4478376238747117	0.4583923347204433	0.46668149719824115	0.47337324532363745	0.47889913085894875	0.48319298787689746	0.48647943270208316	0.4889619674072563	0.4907535699469143	0.4920053852049513	0.49282846233749567	0.49329325407562585	0.4934434508572636	0.4932932540761392	0.4928284623386787	0.4920053852071362	0.49075356995081343	0.4889619674142125	0.4864794327120201	0.4831929878911616	0.47889913087883507	0.4733732453479611	0.4666814972288442	0.45839233475904706	0.4478376239235331	0.43467689456103464	0.41829929599367155
0.3871075427731405	0.4069493272148499	0.42369075369514775	0.43716556889205194	0.44821565821200693	0.45691009722954234	0.4638739838957697	0.469568700679881	0.47422279421821756	0.47784635340818227	0.4806310860524228	0.4826955939809725	0.48419216464898085	0.48518076023798606	0.48574089208386084	0.4859230130715453	0.48574089208491067	0.48518076024029	0.4841921646530274	0.48269559398721995	0.4806310860612424	0.4778463534207358	0.4742227942351267	0.4695687007023146	0.4638739839220847	0.45691009726261633	0.44821565825541043	0.43716556894269587	0.4236907537570911	0.40694932727989297
0.3761724244246487	0.39597827638892014	0.41281663011509906	0.4267441095219269	0.43806866749189766	0.4473036613530166	0.45459035655321856	0.4604629373783382	0.46529891252667355	0.46922074865455343	0.47225928360316693	0.47455545132090116	0.47622344755194845	0.47735074357184715	0.4780025754732158	0.478215691516537	0.47800257547478253	0.47735074357508367	0.4762234475571798	0.47455545132858923	0.47225928361403824	0.4692207486690929	0.465298912546114	0.4604629374008695	0.4545903565815017	0.44730366138780653	0.4380686675366974	0.42674410957434716	0.4128166301775451	0.3959782764541533
0.3656572179788622	0.3853936796084465	0.40228864543741416	0.41658383295169976	0.42816928103141016	0.4377496560957468	0.4454522361704072	0.4516109823318022	0.45656963379023807	0.4606300204317062	0.46390656116576956	0.46640716600338195	0.468240586795023	0.4694905272805343	0.4702168820429691	0.4704552219482583	0.47021688204501366	0.4694905272844796	0.4682405868014392	0.46640716601273624	0.4639065611783497	0.46063002044826007	0.4565696338106431	0.45161098235650243	0.4454522362006621	0.4377496561345726	0.42816928107715135	0.4165838330042959	0.4022886454994925	0.3853936796733688
0.35555982103242734	0.3752057106254245	0.3921158676978447	0.4065395714811846	0.418506649993585	0.42831997158683066	0.4364564361393981	0.4428932197626416	0.44809569730030674	0.45226387413044833	0.4556257781657145	0.4582791785081124	0.46025957460217626	0.46161729264606066	0.4624097282041273	0.4626701783969942	0.46240972820646675	0.4616172926504838	0.4602595746094984	0.45827917851845257	0.45562577817898386	0.45226387414719404	0.4480956973215129	0.44289321978887486	0.4364564361732661	0.4283199716269017	0.41850665004023213	0.40653957153683073	0.39211586775973295	0.37520571069083175
0.34587277100669667	0.36542471397061504	0.38229891087026147	0.39678569351571014	0.40909526561915754	0.4191291269023285	0.4274574498083812	0.434333476422335	0.43974753481950124	0.44411833020757285	0.44758378717661174	0.4502918421060027	0.45233361468766375	0.4537685581849189	0.4546194373455883	0.4548996187275076	0.4546194373484198	0.4537685581901876	0.4523336146953607	0.45029184211668394	0.44758378719071246	0.4441183302255105	0.4397475348420343	0.43433347645009945	0.4274574498430521	0.4191291269431332	0.40909526566690957	0.39678569357109517	0.38229891093114254	0.36542471403522825
0.3365854732597082	0.35602247825464595	0.37283485999167	0.38735521023359176	0.39977655695757264	0.4101431415007859	0.41867496739880394	0.4257552566965259	0.43154467000227115	0.436090638398138	0.43971797232877563	0.4425352476765987	0.4446332358127876	0.44608920061512514	0.44696249792353804	0.44725044525178603	0.44696249792640685	0.4460892006205146	0.44463323582093395	0.4425352476882214	0.4397179723436295	0.43609063841693896	0.4315446700257972	0.4257552567265499	0.4186749674344412	0.41014314154235443	0.39977655700709214	0.3873552102889555	0.3728348600522686	0.3560224783183177
