16.15653595305816	16.152849855576502	16.149360783619006	16.14608018489432	16.143020198729527	16.14019062277653	16.137601577652998	16.135261136321283	16.133177769202092	16.13135798272728	16.129807798560766	16.128532576020092	16.127536443695348	16.126822618748143	16.126393402388807	16.12625015425008	16.126393402388274	16.126822618742445	16.127536443675417	16.128532575972827	16.12980779846951	16.131357982572652	16.13317776896354	16.135261135976624	16.137601577180952	16.14019062215956	16.14302019795086	16.14608018394656	16.149360782500548	16.1528498543024
16.156869927595213	16.153219368283708	16.149763552285723	16.146514489861488	16.14348294915034	16.140680062950036	16.138114557422536	16.13579584930379	16.133731352286798	16.13192793710805	16.13039190716194	16.12912828344175	16.128140929422386	16.12743331544955	16.12700782804202	16.12686584567112	16.127007828041528	16.127433315444208	16.128140929403564	16.129128283397247	16.13039190707602	16.131927936962647	16.133731352062263	16.13579584898084	16.13811455698132	16.140680062375207	16.143482948427494	16.14651448898591	16.149763551254935	16.153219367111152
16.157179627320733	16.153566415866194	16.150144876249254	16.14692781268452	16.143926079202416	16.14115010643777	16.138609445237677	16.136312854976318	16.134267756414932	16.132481525525797	16.13095996602597	16.12970783540141	16.12872968609966	16.12802871831012	16.127607221104906	16.127466569216978	16.12760722110445	16.128028718305124	16.128729686082025	16.129707835359593	16.130959965945312	16.13248152538986	16.134267756205404	16.13631285467484	16.13860944482818	16.14115010590455	16.143926078536985	16.146927811880182	16.1501448753123	16.15356641481022
16.157462461744796	16.153887051241835	16.1505014089306	16.147317125036427	16.144346102081194	16.141597887400174	16.13908285344997	16.136808670142216	16.134783913359612	16.133015206587153	16.131508178642797	16.1302683212777	16.12929972979761	16.12860559543269	16.128188200847447	16.128048916927227	16.128188200847056	16.128605595428034	16.12929972978118	16.13026832123876	16.131508178567778	16.13301520646059	16.134783913165496	16.136808669863623	16.13908285307172	16.14159788691142	16.1443461014724	16.147317124308238	16.150501408089966	16.153887050300874
16.15771499698875	16.154178462596857	16.15082930737008	16.147679142689665	16.144739226548996	16.14202001857946	16.13953076033683	16.137280197714734	16.135276286587334	16.133525228653816	16.13203358473264	16.13080633402616	16.129847560015662	16.12916025503688	16.128746926151827	16.128608997896112	16.128746926151464	16.129160255032573	16.129847560000485	16.130806333990165	16.13203358466339	16.133525228537184	16.1352762864084	16.13728019745965	16.139530759991928	16.142020018136254	16.144739226000606	16.147679142039514	16.15082930662446	16.15417846177858
16.157933468303735	16.15443712444452	16.151125297697984	16.148010273880747	16.14510237734654	16.14241281381708	16.139950184912607	16.13772386173579	16.135740887833574	16.134008452410598	16.13253259568447	16.131318185400538	16.130369139712787	16.129688979859075	16.129279975276276	16.12914348890643	16.129279975275953	16.12968897985516	16.13036913969886	16.13131818536746	16.13253259562113	16.134008452304165	16.13574088767079	16.13772386150477	16.139950184601865	16.142412813418865	16.145102376859995	16.148010273307587	16.15112529705346	16.154437123751862
16.15811426845457	16.15465937420515	16.151385914524273	16.1483064940332	16.145431907077338	16.142772397568066	16.140337466337513	16.138135724643604	16.13617454363559	16.134461201781356	16.133001423205148	16.131799928104996	16.1308612115771	16.130188436643063	16.129783865793115	16.129648857797882	16.129783865792835	16.130188436639504	16.130861211564454	16.131799928075015	16.133001423147636	16.134461201685326	16.136174543489314	16.138135724436275	16.140337466061666	16.14277239721757	16.145431906654053	16.14830649354182	16.151385913983187	16.154659373636346
16.158253975763195	16.15484115499294	16.151607439268304	16.148564544915505	16.14572408042017	16.143095412622145	16.140688855303875	16.13851215493633	16.136573493495554	16.134879711609535	16.133436100811515	16.132248193492565	16.131320058528104	16.13065484897919	16.130254820212283	16.130121326720204	16.130254820212038	16.130654848976004	16.13132005851678	16.13224819346568	16.133436100760143	16.13487971152415	16.136573493366125	16.138512154754146	16.14068885506371	16.143095412320385	16.145724080061527	16.1485645445077	16.15160743883292	16.154841154555463
16.158348806653738	16.154979103475384	16.151785993280555	16.14878061384354	16.14597473253958	16.143378030339598	16.141000296440797	16.13884950064948	16.136933890133456	16.13525978180652	16.133833121035345	16.132659122239424	16.131741818632086	16.131084353068026	16.13068897361434	16.130556996253947	16.13068897361414	16.131084353065237	16.13174181862209	16.132659122215767	16.133833120990246	16.135259781731616	16.136933890021233	16.138849500492935	16.141000296235823	16.143378030087618	16.14597473224471	16.148780613520977	16.151785992949346	16.15497910317196
16.158394895306916	16.155069343126762	16.151917502344553	16.148950804830104	16.14618031190631	16.14361633819891	16.141267978739847	16.139143835703837	16.137251771616523	16.13559784406563	16.13418854302322	16.133028770023152	16.13212254486573	16.131472840641287	16.13108206772302	16.130951660491334	16.13108206772286	16.131472840638878	16.132122544857076	16.133028770002756	16.134188542984507	16.13559784400179	16.137251771521296	16.139143835573442	16.14126797857198	16.143616337997706	16.14618031167869	16.14895080459454	16.151917502123375	16.155069342960033
16.158388245813963	16.155107917007406	16.15199830472735	16.149071140806544	16.14633686627665	16.143806342025535	16.14148805478755	16.139391151894113	16.137522900615608	16.135889901830453	16.134498343281873	16.133353109766368	16.132458016163223	16.131816318291417	16.13143040545503	16.131301618761004	16.131430405454907	16.131816318289367	16.132458016155915	16.133353109749244	16.134498343249646	16.135889901777865	16.137522900538233	16.139391151790335	16.141488054657476	16.143806341876036	16.146336866117622	16.149071140659608	16.151998304618278	16.155107916979986
16.158324681754564	16.15509079020884	16.152024354829365	16.149137494308047	16.146440330817285	16.143943831956825	16.14165644366281	16.139587361361215	16.13774347984343	16.13613185596154	16.134758418158576	16.133627954249267	16.13274426820942	16.13211083800883	16.13172988890503	16.131602757310354	16.13172988890492	16.132110838007197	16.132744268203474	16.1336279542354	16.13475841813296	16.13613185592038	16.13774347978422	16.139587361284516	16.14165644357125	16.143943831858234	16.146440330728016	16.149137494248382	16.1520243548344	16.155090790323214
16.15820035111975	16.155013852222815	16.1519915311078	16.149145674428038	16.14648656415086	16.1440247315864	16.141768987394173	16.13972829536711	16.13790933802539	16.136319529698014	16.134964586243242	16.13384908542693	16.132977201665824	16.13235220965365	16.131976326660553	16.131850884302597	16.131976326660478	16.132352209652378	16.132977201661298	16.133849085416486	16.134964586224314	16.136319529668476	16.13790933798464	16.139728295317077	16.141768987341727	16.144024731541343	16.14648656413255	16.14914567446008	16.151991531228905	16.155013852481392
16.158011082651456	16.15487291946782	16.151895638608828	16.149091649991576	16.146471350898597	16.144044922966163	16.141821453510804	16.13980956941261	16.138016228983748	16.136448671218254	16.135112590931378	16.1340123991529	16.133152553106292	16.132536167618916	16.13216545180566	16.132041732385275	16.132165451805605	16.132536167618042	16.133152553103187	16.134012399145877	16.135112590919285	16.136448671200515	16.13801622896175	16.139809569390586	16.141821453498082	16.14404492297545	16.146471350952424	16.14909165011683	16.151895638847847	16.15487291987293
16.157752634940397	16.15466363925023	16.151732411558406	16.148971144361614	16.14639040428147	16.14400011015914	16.14180953765247	16.139827063688212	16.13805983425492	16.136514956259926	16.135198024795287	16.134113562355495	16.133265986324794	16.132658373458025	16.1322929245486	16.132170961318284	16.132292924548583	16.132658373457538	16.1332659863231	16.134113562351963	16.13519802478986	16.136514956254146	16.138059834251962	16.139827063694543	16.141809537680118	16.144000110223676	16.14639040440848	16.148971144581502	16.151732411917184	16.154663639799573
16.157420699076894	16.15438181305383	16.15149751602576	16.148779812440402	16.146239368794518	16.143885928243048	16.141728866253132	16.139776396988992	16.13803576578022	16.1365139908138	16.135216584486265	16.134148171965354	16.133313095035334	16.132714418585735	16.13235433492396	16.132234160675907	16.13235433492396	16.13271441858562	16.133313095035092	16.13414817196532	16.135216584487814	16.13651399082011	16.13803576579653	16.13977639702411	16.141728866321692	16.14388592836352	16.14623936899576	16.148779812756267	16.151497516505973	16.15438181375408
16.15701090137124	16.1540230731639	16.15118655265664	16.148513243408814	16.146013822951595	16.14369794605969	16.141574999295052	16.13965312144814	16.137939568667623	16.136441313888444	16.13516383037854	16.134111757684913	16.133289405643463	16.132699827050764	16.13234520556556	16.132226852620313	16.132345205565564	16.13269982705103	16.133289405644643	16.134111757688444	16.1351638303871	16.13644131390702	16.13793956870348	16.13965312151239	16.141574999405083	16.143697946236895	16.1460138232281	16.148513243821988	16.151186553259954	16.15402307401719
16.156518806140745	16.153582970341834	16.15079505947408	16.148166963533093	16.145709282097663	16.14343166903269	16.14134343313087	16.139452725363082	16.13776672402185	16.13629240034365	16.135035232120398	16.133999784826777	16.13319038008595	16.132610058376827	16.132260994548616	16.13214449474372	16.132260994548616	16.13261005837746	16.133190380088607	16.133999784833897	16.135035232136108	16.136292400374646	16.13776672407745	16.13945272545688	16.14134343328286	16.14343166926735	16.14570928245039	16.14816696404486	16.150795060202135	16.153582971350104
16.155939918561018	16.153056995880995	16.15031851474351	16.14773643903627	16.145321201285903	16.14308254204984	16.14102960337088	16.13917063608732	16.13751265183963	16.136062663788955	16.134826197972952	16.133807657217353	16.13301141873657	16.13244051046952	16.13209709829705	16.131982482976007	16.13209709829708	16.13244051047052	16.133011418740665	16.13380765722808	16.134826197995825	16.136062663832487	16.137512651915202	16.13917063621097	16.141029603565357	16.143082542342647	16.14532120171576	16.147736439647744	16.150318515597775	16.153056997046168
16.155269687578233	16.152440584526694	16.14975233989937	16.14721707903127	16.144844978216828	16.142645952407722	16.140628887832523	16.13880222298414	16.137172713967637	16.13574745954483	16.13453201942866	16.133530720163428	16.132747863374284	16.132186522586036	16.131848854554192	16.131736154555757	16.13184885455422	16.132186522587425	16.13274786337983	16.133530720177806	16.134532019459016	16.135747459601003	16.13717271406341	16.13880222313797	16.140628888069887	16.1426459527593	16.14484497872469	16.147217079743655	16.14975234088128	16.15244058585052
16.154503508879486	16.15172899720387	16.149091902530444	16.14660423851305	16.144275956236225	16.142117232815338	16.14013660954894	16.138342787576555	16.136742217119732	16.135342087663407	16.134147947838276	16.133164263478385	16.132395000211353	16.13184337836444	16.131511545412774	16.1314007910605	16.1315115454128	16.13184337836619	16.13239500021835	16.133164263496436	16.134147947875917	16.13534208773238	16.13674221723585	16.13834278776171	16.140136609829696	16.14211723322633	16.14427595682291	16.14660423932735	16.149091903641384	16.151728998692654
16.153636727918617	16.150917613787655	16.148332519420496	16.145893221405952	16.143609427389105	16.14149166445383	16.139548039834004	16.137787417281118	16.13621641595057	16.134841796005894	16.133669282526906	16.13270352456499	16.131948062978022	16.131406308909767	16.131080400401924	16.130971621493885	16.131080400401938	16.13140630891188	16.13194806298651	16.13270352458668	16.13366928257191	16.134841796087706	16.136216416087265	16.13778741749701	16.139548040158537	16.141491664924732	16.143609428055367	16.145893222323178	16.148332520661725	16.15091761543843
16.152664643011583	16.150001744231655	16.147469459659455	16.145079161786697	16.142840635544268	16.14076438766817	16.138858401418258	16.13713146948562	16.135590516201077	16.134241783391232	16.13309121644754	16.132143471173467	16.131402236079442	16.130870495952315	16.130550599646185	16.13044382544509	16.13055059964619	16.130870495954785	16.131402236089386	16.132143471198983	16.13309121649999	16.13424178348602	16.135590516358494	16.137131469732488	16.13885840178696	16.140764388201273	16.142840636290828	16.145079162810738	16.147469461032195	16.1500017460459
16.15158241472467	16.148976627394454	16.146497947716387	16.144157231639326	16.141964779480368	16.13993048874492	16.138062871546047	16.136370112255968	16.134859677804307	16.1335372027061	16.132408896515155	16.131479393730956	16.130752495209634	16.130231074966275	16.129917276985104	16.129812536208654	16.12991727698509	16.130231074969068	16.130752495221053	16.131479393760138	16.132408896575015	16.133537202813933	16.13485967798261	16.13637011253413	16.138062871959292	16.139930489339005	16.141964780307916	16.144157232768087	16.14649794922171	16.148976629373585
16.150385123073836	16.14783746106329	16.14541316672784	16.14312271726089	16.14097701618924	16.138985262563747	16.137156585291176	16.135498471330507	16.134018687390228	16.132723164234044	16.131617426939325	16.13070641920141	16.12999392414596	16.12948288978687	16.129175424843552	16.129072795747486	16.129175424843517	16.12948288978999	16.129993924158853	16.130706419234308	16.13161742700667	16.132723164355006	16.134018687590096	16.135498471640137	16.137156585749256	16.138985263219254	16.140977017098386	16.143122718495235	16.145413168366836	16.147837463208596
16.14906812669218	16.14657940511293	16.144210094401256	16.141970749823088	16.139872464056435	16.137923815848424	16.136134507011526	16.1345116333169	16.133062907142204	16.13179468171566	16.13071187243304	16.129819607240563	16.129121708419735	16.128621109968794	16.128319910583368	16.128219370675637	16.12831991058329	16.12862110997225	16.129121708434067	16.129819607277184	16.130711872507867	16.13179468185016	16.13306290736322	16.134511633658175	16.136134507515948	16.137923816565824	16.139872465047738	16.14197075116375	16.144210096178476	16.14657940742562
16.147626567026514	16.14519758478287	16.142883762990756	16.140696425403824	16.138645839384004	16.136741219836274	16.134991541926922	16.13340464900998	16.131987381934433	16.13074648243655	16.12968726154225	16.12881398125871	16.128130867442657	16.127640839877877	16.12734598709409	16.127247563398775	16.127345987093975	16.127640839881632	16.128130867458427	16.128813981299032	16.129687261624625	16.130746482584332	16.13198738217668	16.133404649383102	16.134991542476737	16.136741220615914	16.138645840460192	16.140696426851495	16.142883764903495	16.145197587264054
16.146055554437954	16.143686905551142	16.141429452003628	16.139294808300964	16.137292467145482	16.135432513605025	16.13372296097181	16.13217237598314	16.13078712144303	16.129573889049038	16.12853819662871	16.12768453177435	16.127016387675642	16.12653706307459	16.126248636194966	16.126152355155547	16.126248636194788	16.12653706307863	16.127016387692816	16.127684531818392	16.128538196718846	16.1295738892101	16.130787121706582	16.13217237638911	16.13372296156725	16.13543251444724	16.137292468304828	16.139294809856242	16.141429454052613	16.143686908206305
16.144350171522817	16.14204231265497	16.13984221181756	16.13776065140341	16.13580741867332	16.133992430548577	16.132323763371858	16.13080961794629	16.129457106120228	16.128271874395075	16.127259920653223	16.126425767885756	16.125773125521768	16.125304733516913	16.125022810078423	16.124928697549766	16.1250228100782	16.12530473352127	16.125773125540377	16.126425767933583	16.127259920750895	16.12827187456944	16.12945710640521	16.13080961838441	16.132323764013197	16.133992431455344	16.13580741991621	16.137760653069723	16.139842214003504	16.142042315480502
16.142505007867666	16.140259112461504	16.138117067956426	16.136088986689703	16.13418569129148	16.132415961362142	16.130788922796384	16.129311640704042	16.127991824658373	16.126835385397612	16.12584744665002	16.12503297419333	16.12439565847164	16.123938375291324	16.123663181729935	16.123571313208018	16.12366318172966	16.12393837529593	16.124395658491625	16.12503297424486	16.125847446755248	16.126835385585387	16.127991824965378	16.12931164117438	16.13078892348374	16.132415962332036	16.13418569261831	16.13608898846467	16.138117070279996	16.140259115458186
