-2.4283366033051266	-2.2617239929016897	-2.0957811433367937	-1.9305093853913249	-1.7659099217911702	-1.6019839431081273	-1.4387323557766614	-1.2761562579547885	-1.1142567483642303	-0.9530350574530786	-0.7924923649250033	-0.6326295703276088	-0.47344777488574863	-0.3149480795290138	-0.15713181084292316	0.0	0.15644639221736867	0.3122062620433894	0.4672785051496078	0.6216616189523556	0.7753548807035742	0.9283571891067766	1.0806674376784002	1.232284297418282	1.3832066651705226	1.5334336396686652	1.6829641121330141	1.8317968926856878	1.979930566268827	2.1273643977839285
-2.084585780452187	-1.942094939006335	-1.800103471278721	-1.658612229451549	-1.5176220383606207	-1.3771337370241525	-1.2371477786881258	-1.0976648675476106	-0.9586857605426715	-0.8202114470938255	-0.6822423033234664	-0.5447790353494781	-0.4078223487814867	-0.27137329015780054	-0.13543229013077251	0.0	0.13492287225659894	0.26933542364269414	0.40323692751510976	0.5366268810169785	0.6695045741573651	0.8018692938569743	0.9337199264597444	1.0650561621814845	1.1958772898894843	1.3261825979521404	1.4559711976035778	1.5852423120784955	1.7139954646215294	1.84222994203202
-1.7426019883212156	-1.6239429445410032	-1.505637125785256	-1.3876850988430292	-1.2700870272084863	-1.1528435000860355	-1.0359550931531771	-0.9194218869497988	-0.8032444126508373	-0.6874233813036099	-0.5719587978543359	-0.4568511447595114	-0.3421012497657756	-0.2277090513465332	-0.11367499292588334	0.0	0.11331604594899147	0.2262727291744966	0.33886904934839635	0.4511051705043805	0.5629806774891932	0.674494563843794	0.7856469829693502	0.8964375339902375	1.0068651946001417	1.116930129511406	1.22663194052776	1.3359695761027588	1.4449432399023223	1.5535525036214644
-1.4025150531121113	-1.3073864300590294	-1.2124893289211478	-1.1178240827559627	-1.0233908221075083	-0.929189766428486	-0.8352211352932599	-0.7414851483997822	-0.6479820255695756	-0.5547119866806547	-0.4616753478424087	-0.3688723444040498	-0.27630308725120045	-0.1839677971113005	-0.0918666944871056	0.0	0.09163206561021298	0.18302928148589004	0.2741914110641517	0.36511805518848917	0.45580918417579497	0.5462645773569434	0.6364840131405529	0.7264672698796133	0.8162141260157902	0.9057243598131492	0.9949977494233657	1.084034000278237	1.1728328238164032	1.2613941354578166
-1.064453474345619	-0.9925423409254641	-0.9207659756445814	-0.8491246323084951	-0.7776186060524495	-0.7062475638486028	-0.6350122631485142	-0.563912109182013	-0.49294771883840127	-0.42211886773061735	-0.3514257462672603	-0.28086858634564393	-0.21044711865911836	-0.1401620385725728	-0.07001276779557486	0.0	0.06987661134547807	0.13961675322972766	0.2092203154669079	0.27868744405397905	0.3480175671146206	0.41721121521026205	0.48626758757306376	0.5551872150950743	0.6239695982143303	0.692614813805605	0.7611228186568013	0.8294932309092999	0.8977264679095249	0.9658216850473522
-0.72854352334015	-0.6795254070811794	-0.630571133176506	-0.5816808536251195	-0.5328545979032917	-0.4840923961460568	-0.4353942785203415	-0.3867602752274095	-0.3381904165021723	-0.2896847325475882	-0.2412432540933409	-0.19286601076721865	-0.14455303327985192	-0.09630435203053267	-0.048119997449713736	0.0	0.048055609825052414	0.09604680150091127	0.14397354447235244	0.19183580815379386	0.23963356192989593	0.2873667748151867	0.3350354168338896	0.3826394568581719	0.43017886421986873	0.4776536081572793	0.5250636578801355	0.5724089825701384	0.6196895513809864	0.6669053334388124
-0.3949088932528362	-0.36844869918089174	-0.3420075095091448	-0.3155851036320705	-0.28918194834104227	-0.2627974574458527	-0.23643234975576632	-0.21008587249117738	-0.18375874046399332	-0.15745033104949968	-0.13116114772950027	-0.1048908198859948	-0.07863959846950763	-0.052407366900567354	-0.026194120710378854	0.0	0.026175257477802916	0.05233125258416749	0.07846850770367197	0.10458636230284668	0.1306855488848946	0.1567653002971312	0.18282632445139768	0.20886803708179613	0.23489088404782166	0.26089454376405996	0.28687919786763416	0.31284479035278423	0.33879123602022077	0.3647187468165569
-0.0636711609401317	-0.05942345341225774	-0.05517607714285333	-0.0509291393811111	-0.046682637747551325	-0.0424365704397367	-0.03819093566787757	-0.033945731657894385	-0.02970095697082087	-0.02545660911204095	-0.021212686859080065	-0.0169691884216725	-0.012726257578904665	-0.008483753536761895	-0.004241668229653328	0.0	0.004241252795992523	0.008482091788437174	0.012722518594067367	0.016962534816286734	0.021202142045432026	0.02544134185902891	0.029680135897109494	0.03391845480708966	0.038156289240532715	0.042393722464371564	0.046630755993451345	0.05086739133047047	0.05510362996663787	0.059339473381086805
0.26505030924247563	0.2474413979029677	0.2298240560597904	0.21219766924595618	0.19456262373423883	0.17691902333007192	0.15926628922267483	0.1416050370629094	0.12393507788613789	0.10625615794094045	0.08856872926623538	0.07087244203022536	0.05316736536336464	0.03545378903616836	0.017731204265565736	0.0	-0.01773972899446008	-0.03548854704627047	-0.05324585010313143	-0.07101182728155919	-0.08878672432663137	-0.10657009759769664	-0.1243622929924868	-0.1421632405895501	-0.1599726560697654	-0.17779104018670466	-0.1956180101726872	-0.21345347131121883	-0.23129798231487086	-0.2491509466432582
0.5911395201331118	0.5520396685686464	0.5128956769841579	0.47370723105830237	0.4344744937017815	0.3951975795930238	0.3558765076319119	0.3165112976607425	0.2771018768335516	0.23764812070331232	0.1981502857907067	0.15860839133420868	0.1190224564861424	0.07939250038822365	0.03971826314862881	0.0	-0.03976222487015235	-0.07956839235072977	-0.11941848334081584	-0.15931262598916618	-0.19925082558597396	-0.23923288925369945	-0.27925879784520546	-0.31932853244093806	-0.35944209721204246	-0.3995997425701958	-0.43980115420301047	-0.4800463133891135	-0.5203352011060467	-0.5606677983407806
0.914483126478828	0.8542671728787354	0.7939437548257757	0.7335129761482335	0.6729750919972304	0.6123301706676578	0.5515778323553597	0.4907185532464666	0.42975244275505986	0.36867947624831743	0.30749942675048914	0.24621275190734337	0.18481951927283546	0.12331958119160902	0.061712966539975156	0.0	-0.06181925092929674	-0.12374504591647906	-0.18577712221267717	-0.24791527712813277	-0.31015944321801925	-0.3725099814768278	-0.4349664165336833	-0.4975286571923654	-0.5601967129876932	-0.622970804845302	-0.6858504966943499	-0.7488357215291472	-0.8119265791594756	-0.8751230991239396
1.2349707356816175	1.1540222345063285	1.0728756428837123	0.9915310434533886	0.9099880939023919	0.8282474811088747	0.7463093739761888	0.6641737442782016	0.5818406512722376	0.49931057613476426	0.41658368737256524	0.33365975603630815	0.25053925187310355	0.16722244572837397	0.08370939500829166	0.0	-0.08390518582463358	-0.16800599425745233	-0.25230258367913194	-0.33679461250279985	-0.421481753356165	-0.50636390627308	-0.5914412423649118	-0.6767131803845743	-0.7621795525057458	-0.8478404865917639	-0.9336956875812028	-1.0197448131026832	-1.1059877591325744	-1.1924246899251827
1.5524950921916947	1.4512066272936224	1.349600905599651	1.2476781882226469	1.1454388168178014	1.0428831325312018	0.9400113099228946	0.8368236963841653	0.7333207980640779	0.6295029558108034	0.5253705101742199	0.42092380182450384	0.31616292086984643	0.21108840342762036	0.1057006497273818	0.0	-0.10601320561731242	-0.2123386270811949	-0.31897620681174743	-0.4259253242265366	-0.5331856326887383	-0.6407567925197455	-0.7486384640576986	-0.856830307954155	-0.9653322528950063	-1.0741436867090428	-1.183264269682475	-1.2926936626897785	-1.402431526698063	-1.5124775227680587
1.8669519593987367	1.7457242163409852	1.6240315565177923	1.5018748860703894	1.3792543070513723	1.2561707279819707	1.1326249495931116	1.0086168952579087	0.8841478397567109	0.7592182069874056	0.6338282937666335	0.5079791977418608	0.38167112565066574	0.2549047968326654	0.1276810896422269	0.0	-0.12813731915863613	-0.25673038672012893	-0.38577890521466784	-0.5152817961237091	-0.6452388673789358	-0.7756493435227512	-0.9065124076702418	-1.0378280606618056	-1.1695950867600118	-1.3018131546946563	-1.4344817503564187	-1.5675999255643127	-1.701167596948089	-1.8351837386584933
2.1782411560955843	2.0374820884606386	1.896082162719427	1.754042282444697	1.6113634212120047	1.4680465518404375	1.3240926467577339	1.1795026622899378	1.0342774406131099	0.8884181037407686	0.7419256223565469	0.5948009669621364	0.4470451075893891	0.298659013876005	0.14964365506401478	0.0	-0.15027098286445195	-0.30116832547412287	-0.4526910601689238	-0.6048382196853588	-0.7576088603390403	-0.9110020792653515	-1.065016818681702	-1.2196521131049423	-1.3749069972401777	-1.5307805062579192	-1.6872716757275334	-1.8443795416186433	-2.0021031402998943	-2.1604415085405932
2.4862657151847287	2.3263908583001403	2.1656699421584378	2.004104909357462	1.841696904196425	1.6784475229257794	1.5143582961342403	1.3494304524983818	1.1836658658190125	1.0170654400549672	0.8496313499147021	0.6813642160957443	0.5122663544176653	0.3423385000632777	0.17158272514272	0.0	-0.1724078294063922	-0.34563958739483525	-0.5196936186148768	-0.6945685767946514	-0.8702629632743637	-1.0467752942767383	-1.2241041955381071	-1.402248077267224	-1.5812056592435475	-1.7609752749095406	-1.9415557095511673	-2.1229452476360464	-2.3051427132258304	-2.488146367496274
2.7909323265200356	2.6123633654322305	2.4327148557793237	2.251988850722043	2.0701874632058903	1.887312804695874	1.7033669854906925	1.5183521147192494	1.332270300339033	1.145123649197238	0.9569142667634019	0.7676442575414342	0.5773157247802381	0.38593077054654756	0.19349149572179414	0.0	-0.1945416181149504	-0.39013126131163034	-0.5867668334741509	-0.7844462396843639	-0.9831673862252188	-1.1829281805831542	-1.3837265313734406	-1.585560348643316	-1.7884275434419337	-1.9923260281004644	-2.197253716169236	-2.4032085224212594	-2.6101883628549096	-2.8181911546974483
3.092151441901848	2.8953166693568058	2.6971396938298255	2.497623042300088	2.2967698376261865	2.094582935280471	1.8910651603000197	1.6862196752728842	1.480048974775901	1.2725565594572785	1.06374456443681	0.8536166931325049	0.6421751827378515	0.42942342206019646	0.21536405342747145	0.0	-0.21666562989627636	-0.4346303933306359	-0.6538908171220541	-0.874444608510327	-1.0962884090521676	-1.3194195266042712	-1.5438351556722694	-1.7695320592719348	-1.996507982890325	-2.2247594332601963	-2.454283847374466	-2.6850783312131767	-2.9171397454676153	-3.1504657551447224
3.3898372758946174	3.175170958404493	2.958870156169837	2.740938822630902	2.521380864612695	2.3002001859062986	2.077400687530698	1.8529862677236082	1.6269608219320375	1.39932824286619	1.1700924202267657	0.9392572411060449	0.7068265866252901	0.47280414469582155	0.23719399045264566	0.0	-0.23877395342010033	-0.4791239994384604	-0.7210462705701559	-0.9645369022261079	-1.2095920327248173	-1.4562080013898218	-1.704380771191797	-1.9541064682827098	-2.2053812421239947	-2.4582012452041226	-2.712562632986252	-2.9684616163865094	-3.225894470504784	-3.4848571866311886
3.683907896771185	3.4518490340252193	3.2178349255542713	2.9818697932796354	2.7439595402406454	2.5041089488433173	2.262322905029432	2.018606957086739	1.7729656918022485	1.5254044128218993	1.275928413686799	1.024542176161475	0.7712512391130133	0.5160607334913792	0.25897511708470944	0.0	-0.2608595666698861	-0.5235990781848763	-0.7882129969206133	-1.0546962787856486	-1.3230443125834626	-1.5932517545513676	-1.8653135056903736	-2.1392248013499113	-2.4149805885768316	-2.692575663824698	-2.9720050749299105	-3.253264130510747	-3.536347485642448	-3.821250159748722
3.974285852582767	3.7252786292493134	3.4739655230530673	3.220352871258868	2.9644470760941104	2.706254845839048	2.4457826678192482	2.1830370233574286	1.9180243880657812	1.6507510179671812	1.3812234392949634	1.1094482656567344	0.8354319504142005	0.5591809410933486	0.2807014550024931	0.0	-0.2829168344169588	-0.568042623418016	-0.8553709965443872	-1.144895825615471	-1.436610360112514	-1.7305081982896056	-2.0265829649161304	-2.3248286050520264	-2.625238366160705	-2.9278058700096707	-3.2325248497716856	-3.5393890863980815	-3.8483919509119424	-4.1595270887304565
4.260897524513336	3.995390115957271	3.727196989127272	3.4563264910106284	3.182786950831762	2.906586283115761	2.627732391223436	2.346233784161111	2.062098548072097	1.775334393965938	1.4859496356194626	1.1939524930041117	0.8993510247024794	0.6021529365009997	0.3023665500806132	0.0	-0.30493868240303357	-0.6124416370449453	-0.9225008612774452	-1.235108139007231	-1.5502554662119934	-1.8679348456418374	-2.1881384372355654	-2.5108582150623313	-2.8360860708307705	-3.163814034400037	-3.4940341434757194	-3.8267384415523686	-4.161919117009798	-4.499568120171773
4.543673456404441	4.262117385395591	3.977467334759943	3.6897333020304757	3.3989249586957513	3.105052492352357	2.8081260903992593	2.5081557477699867	2.2051509925035973	1.8991221615573082	1.5900793189477298	1.2780322399615187	0.9629906653261209	0.6449649204590386	0.3239648897641594	0.0	-0.32691930774179667	-0.6567831580870873	-0.9895821939088094	-1.3253059857598153	-1.6639447639252012	-2.0054890390314526	-2.349928499771451	-2.6972535547987206	-3.0474544275824904	-3.4005210091799967	-3.756443932003968	-4.11521303116735	-4.476818633237716	-4.841251081183081
4.822548406666812	4.525398907227764	4.224717786655198	3.920517181303474	3.6128092498823	3.3016059744049215	2.9869194182049412	2.66876197006917	2.3471457415168118	2.022082831406088	1.6935853276292079	1.361665083864409	1.0263343390359836	0.6876052187257322	0.3454897629747258	0.0	-0.34885205381706186	-0.7010543939443536	-1.0565950277133744	-1.4154620888193392	-1.7776435061230629	-2.1431272911744053	-2.511901499748639	-2.8839541994758626	-3.259273470918224	-3.637847405726447	-4.019664107993059	-4.404711693953949	-4.792978292026451	-5.184452042848783
5.097460877644139	4.78517613615038	4.468892828267972	4.148626083749129	3.8243903691963226	3.4961998465671478	3.1640696964919144	2.8280142130228114	2.4880477398983523	2.144185301552504	1.7964408808751529	1.4448292903187436	1.089365106480777	0.7300623164155873	0.36693600501176604	0.0	-0.3707308172802328	-0.7452422830036767	-1.1235199707028194	-1.5055494019136972	-1.8913164519310364	-2.280806472508793	-2.67400550473004	-3.070898857931855	-3.471472623175192	-3.8757121722847394	-4.28360355106507	-4.695132279738193	-5.1102842852859	-5.529045298270489
5.368354660877401	5.0413941757666585	4.709940234323987	4.374010160706252	4.033621288228876	3.688790700783194	3.339535947097062	2.9858743077528587	2.627823038818182	2.265399377238154	1.8986205408211276	1.5275037274553256	1.1520661165945505	0.7723248680316424	0.3882971221761906	0.0	-0.39254939702064817	-0.7893339869683018	-1.190336707552163	-1.595540516179348	-2.0049283900333883	-2.4184833257969345	-2.836188341025821	-3.2580264725880497	-3.6839807775618993	-4.114034333321257	-4.548170237573153	-4.986371608465468	-5.4286216649688015	-5.874903522755439
5.635177396386542	5.294002763484386	4.947811098530689	4.596622204680678	4.240457257320898	3.879335837453393	3.51327891788236	3.1423064202413684	2.7664388177370753	2.385696329107976	2.000099136691908	1.6096675562231617	1.214421667832731	0.8143817071699715	0.40956781780276685	0.0	-0.4143013976662182	-0.833316738866678	-1.2570254352538228	-1.6854080775570814	-2.1184441887831973	-2.5561139820342014	-2.9983976494958746	-3.4452749620731815	-3.8967263805637984	-4.3527318525058085	-4.813271432901352	-5.278325608780811	-5.747874382181109	-6.22189793705223
5.897881052496416	5.542954925231609	5.182459587146695	4.816418797774006	4.4448563102559575	4.067795848176381	3.685261105607342	3.297275747033421	2.9038634072664102	2.5050476914123685	2.100852174514614	1.6913004021030247	1.2764157758009986	0.8562218558816213	0.43074212187094574	0.0	-0.43598111407168716	-0.8771778554195713	-1.323566890027191	-1.775124914966817	-2.231828742838779	-2.6936552122872364	-3.1605809452280944	-3.6325827621913724	-4.109637515517228	-4.5917221700346715	-5.078813736860894	-5.570888970755071	-6.067924851118416	-6.569898473217346
6.156421265240986	5.788207087243837	5.413843525437525	5.033358392110021	4.646778845409731	4.254132535350671	3.8554467753320623	3.450748806184759	3.0400663082128148	2.6234259153387427	2.2008555903983265	1.7723819906107963	1.3380325225654666	0.8978345336746578	0.45181448566514604	0.0	-0.45758190762647644	-0.9209047492504041	-1.3899411469755272	-1.8646641815236542	-2.3450471790588026	-2.831063343516149	-3.322685675725591	-3.8198874392102553	-4.322641986826788	-4.830922762720316	-5.344702925535106	-5.863955878584143	-6.388655059971441	-6.918773942682485
6.410759366576471	6.02972023851591	5.641924231880665	5.24740289785565	4.846187762749203	4.438310309252575	4.023801976355877	3.6026941591578243	3.175018168298706	2.740805089779709	2.300086432593467	1.8528934174547231	1.399257219086305	0.9392089680624522	0.4727795473466152	0.0	-0.47909847945064854	-0.9644849409157281	-1.4561286815455325	-1.9539988706424225	-2.4580644540408443	-2.96829472387909	-3.4846592795172775	-4.007127047950625	-4.535667502629984	-5.070250275337084	-5.610844491959146	-6.1574199135211245	-6.709945967788169	-7.2683922060924395
