0.5058433136510345	0.5212800023111939	0.5331265920711861	0.541539207627995	0.5469142883558131	0.5499618310014558	0.5512650484965302	0.5513544602631342	0.5504602966512842	0.54900517758505	0.5473809061744443	0.5456875105744636	0.5441405446283536	0.5429086428670935	0.5420974959381404	0.5418188736770304	0.542097495938707	0.5429086428681789	0.544140544629867	0.5456875105763128	0.5473809061764836	0.5490051775871425	0.5504602966533643	0.551354460264875	0.5512650484977772	0.5499618310021344	0.5469142883556248	0.5415392076266787	0.533126592085571	0.5212799977311438
0.5071031017340122	0.522502785420004	0.5343066996569075	0.5426620655455388	0.5479672605288783	0.5509505601091558	0.5521986377536283	0.5522269086915692	0.5512716122352099	0.5497766614758763	0.5481065130064842	0.5463712747218761	0.5447908890283486	0.543525099559286	0.5426990630767303	0.542415579061748	0.5426990630774942	0.5435250995606715	0.5447908890302635	0.5463712747242226	0.5481065130090688	0.5497766614785373	0.5512716122378514	0.5522269086937861	0.5521986377552324	0.5509505601099676	0.5479672605286563	0.5426620655440022	0.534306699653639	0.5225027855345701
0.5082818008615906	0.5236475848769508	0.5354112314138035	0.5437083870530017	0.5489518490359284	0.5518747384284737	0.5530709528708986	0.5530414121607912	0.5520288691198942	0.5504983542845352	0.5487832115595488	0.5470085223059229	0.5453967837157396	0.5440989493004889	0.5432590507495423	0.5429706678108825	0.5432590507504109	0.5440989493021657	0.5453967837180667	0.5470085223087562	0.5487832115626361	0.5504983542877078	0.5520288691230988	0.5530414121634628	0.5530709528728615	0.5518747384295519	0.5489518490356957	0.5437083870511792	0.5354112314099808	0.5236475849935065
0.5093794554105937	0.5247134530031357	0.5364393742571458	0.5446814593453606	0.5498676871718775	0.5527339759590006	0.553881628726149	0.5537978056971067	0.5527315580650427	0.5511688447323877	0.5494103536542738	0.5475989153409024	0.545958069363067	0.5446304632658325	0.5437772170518258	0.5434845009953122	0.5437772170528472	0.5446304632678043	0.5459580693658026	0.5475989153443184	0.5494103536579988	0.5511688447361536	0.5527315580688157	0.553797805700313	0.5538816287285186	0.5527339759602583	0.5498676871716572	0.5446814593433285	0.5364393742524918	0.524713453121544
0.5103951666542823	0.5256994933228931	0.5373902345292922	0.545581134214947	0.5507139490260027	0.5535277942048147	0.5546300982526695	0.5544957870510867	0.5533796984120016	0.5517870384048571	0.5499880219041895	0.5481425337700827	0.5464744605443261	0.5451193071038052	0.5442538935554744	0.5439572626585552	0.5442538935566432	0.5451193071060665	0.5464744605474632	0.5481425337739214	0.549988021908506	0.5517870384092252	0.5533796984163182	0.5544957870547744	0.5546300982553145	0.5535277942063122	0.5507139490257362	0.5455811342126964	0.5373902345241444	0.5256994934434527
0.511328145044585	0.5266049981072065	0.5382630017957926	0.5464065497700492	0.5514902681074343	0.5542558207384278	0.5553165484132627	0.5551353076522627	0.5539731609765752	0.5523527750249055	0.550516273666096	0.548639640421424	0.5469435042946333	0.5455658492361923	0.5446892453245571	0.5443888684909339	0.5446892453258823	0.5455658492386579	0.5469435042982731	0.5486396404257228	0.5505162736709046	0.5523527750298349	0.55397316098151	0.5551353076564514	0.555316548416247	0.554255820740126	0.5514902681071661	0.5464065497674575	0.5382630017901775	0.5266049982297805
0.5121779177019778	0.527429612457329	0.5390575258266725	0.5471577194430264	0.5521966323905758	0.5549181184555536	0.5559422172561046	0.555716665263061	0.5545124295544905	0.552866440527028	0.5509959046225532	0.549090568042546	0.5473651148368592	0.5459706732635876	0.5450839519247168	0.544780020512313	0.5450839519261965	0.5459706732664316	0.5473651148408809	0.5490905680474452	0.550995904627916	0.5528664405324619	0.5545124295599919	0.5557166652677505	0.5559422172594548	0.5549181184574277	0.5521966323903325	0.5471577194402553	0.5390575258203398	0.5274296125819049
0.5129439729898184	0.5281726802342899	0.5397733318236995	0.5478342340631333	0.5528325933676737	0.5555141682638958	0.5565049655733247	0.5562393267144401	0.554997043418517	0.5533278319015427	0.5514265406804704	0.5494949807755649	0.5477431440165148	0.5463333985134806	0.5454374505343189	0.5451305556477859	0.5454374505359514	0.5463333985166141	0.5477431440209113	0.5494949807808585	0.5514265406863181	0.5533278319075432	0.5549970434246312	0.5562393267196537	0.5565049655770711	0.5555141682660363	0.5528325933674285	0.5478342340599855	0.5397733318170204	0.5281726803604823
0.5136249910527138	0.5288331104771835	0.5404093049819121	0.5484350830505687	0.5533971996677316	0.5560431187738306	0.5570041768950311	0.5567026559317227	0.5554264539842464	0.553736407603381	0.5518077162794057	0.549852727677111	0.5480772338384874	0.5466538548494082	0.5457497389213692	0.5454402152254172	0.5457497389230479	0.5466538548528348	0.5480772338433351	0.5498527276829961	0.5518077162857971	0.5537364076099234	0.5554264539907852	0.5567026559373556	0.5570041768990439	0.5560431187761772	0.5533971996675504	0.5484350830472504	0.5404093049746752	0.52883311060552
0.5142204067776408	0.5294103701018251	0.5409650245834925	0.5489598843804409	0.5538901674394197	0.5565045841395975	0.55743961406362	0.5571064699673602	0.5558004412968547	0.5540920322514769	0.552139409957201	0.5501638019651498	0.5483675294768169	0.5469321659197082	0.546020892559909	0.5457087750425842	0.5460208925619217	0.5469321659234598	0.5483675294820607	0.5501638019714257	0.5521394099640826	0.5540920322585929	0.5558004413040418	0.5571064699734602	0.5574396140679703	0.5565045841421625	0.5538901674392083	0.5489598843767478	0.540965024575712	0.5294103702319273
0.5147297112307214	0.5299039937820922	0.5414400743515415	0.549408292300642	0.5543111837321284	0.5568983867455799	0.5578110745605933	0.5574506456969761	0.5561188531525616	0.5543947274351044	0.552421557329362	0.5504282046868401	0.5486140601985632	0.5471683830434557	0.5462509611989415	0.5459365495962842	0.5462509612009985	0.5471683830474721	0.5486140602042795	0.5504282046935565	0.5524215573368014	0.5543947274426682	0.5561188531602799	0.5574506457035664	0.5578110745653184	0.5568983867482693	0.5543111837318602	0.5494082922967838	0.5414400743431766	0.5299039939140027
0.5151524595567221	0.5303135871261411	0.5418341021512649	0.5497800255912058	0.5546598714037447	0.5572244170193468	0.5581183904562916	0.5577351261012531	0.5563817722128928	0.5546444289376122	0.5526541392039466	0.5506459430485027	0.5488168574058498	0.5473625420931221	0.5464398240195703	0.5461236601376136	0.5464398240217836	0.5473625420973303	0.5488168574118326	0.5506459430557218	0.5526541392119757	0.5546444289457231	0.5563817722211883	0.5577351261082502	0.5581183904613329	0.5572244170223151	0.5546598714034605	0.5497800255870917	0.5418341021423263	0.5303135872595011
0.5154882776701744	0.5306388104321851	0.5421468181072946	0.550074835417286	0.5549361359534366	0.5574824717504878	0.5583614283434564	0.5579598251853586	0.5565891569637742	0.5548411840717336	0.5528371472853006	0.5508170320873962	0.5489759287450884	0.5475146950167424	0.5465876786894004	0.5462701676989745	0.5465876786917363	0.5475146950212597	0.5489759287513731	0.5508170320951571	0.5528371472938023	0.5548411840804661	0.5565891569725121	0.5579598251928068	0.5583614283488156	0.5574824717536302	0.5549361359531044	0.5500748354129854	0.5421468180976987	0.5306388105673836
0.5157369269210239	0.5308794147738016	0.5423779974922329	0.5502925295524843	0.555139854894275	0.5576724687309476	0.5585400892555921	0.5581246739924417	0.556740966320957	0.5549849731086525	0.5529705194691736	0.5509414936888906	0.5490912463681141	0.5476248556550889	0.5466946524031329	0.546376140238074	0.5466946524056109	0.547624855659878	0.5490912463748927	0.5509414936968842	0.5529705194782046	0.5549849731177918	0.5567409663302811	0.5581246740002594	0.5585400892612817	0.5576724687341681	0.5551398548939126	0.5502925295477503	0.5423779974820011	0.5308794149104816
0.5158981830023315	0.5310352135682574	0.5425274802524971	0.5504329725839607	0.5552709176683415	0.5577943218217456	0.558654308573237	0.5582296306913488	0.556837179621132	0.5550757915895392	0.5530543525334419	0.5510193541396333	0.5491629885293161	0.5476931152891158	0.5467607972145281	0.5464416137240669	0.5467607972171837	0.5476931152942051	0.5491629885364322	0.5510193541480319	0.5530543525428708	0.5550757915992399	0.5568371796308949	0.5582296306996462	0.5586543085791664	0.5577943218251473	0.555270917668004	0.5504329725788821	0.5425274802417608	0.5310352137065255
0.5159719555579549	0.5311061361743832	0.5425951641710594	0.5504960860393506	0.555329262643161	0.5578479858838321	0.5587040559198222	0.5582746804017713	0.5568777963794123	0.5551136500291829	0.5530886675331583	0.5510506448681198	0.5491911926257043	0.547719550532964	0.546786162089008	0.5464666382092354	0.5467861620917436	0.5477195505382149	0.5491911926331756	0.5510506448771046	0.5530886675430775	0.5551136500393063	0.5568777963896121	0.5582746804104222	0.5587040559260217	0.5578479858873582	0.5553292626427648	0.5504960860340962	0.5425951641598044	0.531106136313765
0.5159581998757261	0.5310921453601285	0.5425810321310092	0.5504818484339662	0.5553148772028322	0.5578334569471632	0.5586893350483688	0.558259835030233	0.5568628360807661	0.5550985736690475	0.5530735010941008	0.5510354021325075	0.5491758914524354	0.5477042051317831	0.5467707925385135	0.5464512597774664	0.5467707925414391	0.5477042051374728	0.5491758914603437	0.5510354021419346	0.5530735011044801	0.5550985736797731	0.5568628360913852	0.5582598350392782	0.5586893350547708	0.5578334569508065	0.5553148772022336	0.5504818484283227	0.5425810321189921	0.5310921455012565
0.5158569494039842	0.5309932751470736	0.5424851212786059	0.5503902952353279	0.5552277976431679	0.5577507721165009	0.5586101837209956	0.558185133122926	0.5567923380066198	0.5550306022847931	0.5530088936162514	0.5509736667896874	0.5491171263455339	0.5476471207112841	0.5467147303614155	0.546395520283518	0.5467147303643198	0.5476471207171194	0.5491171263538508	0.5509736667993455	0.5530088936270072	0.5550306022958651	0.5567923380176882	0.5581851331323406	0.5586101837276853	0.5577507721202526	0.5552277976425373	0.5503902952293735	0.5424851212661324	0.5309932752891822
0.5156683116849283	0.5308096264505391	0.5423075146010934	0.5502215187527231	0.5550681090542966	0.5576000094493629	0.5584666735818633	0.5580506397336684	0.5566663610990013	0.5549097900456417	0.5528948889949401	0.5508654841496377	0.5490149473909423	0.5475483366264466	0.5466180134901908	0.5462994572001616	0.5466180134933456	0.5475483366324152	0.5490149473993746	0.5508654841597345	0.5528948890062662	0.5549097900571383	0.5566663611104676	0.5580506397434082	0.5584666735887538	0.5576000094532105	0.5550681090535807	0.5502215187464863	0.5423075145879945	0.5308096265939746
0.5153924499411424	0.5305413443446518	0.5420483840214487	0.5499756679447696	0.5548359451907849	0.5573812878042368	0.5582589100244064	0.5578564463088558	0.5564849838615409	0.5547362054303804	0.5527315398762429	0.5507109039147888	0.5488693987007007	0.5474078593531342	0.5464806759510648	0.5461631035778804	0.5464806759543794	0.5474078593593266	0.548869398709483	0.5507109039252391	0.5527315398879349	0.5547362054423157	0.5564849838733377	0.5578564463189277	0.5582589100314426	0.5573812878080631	0.5548359451898897	0.5499756679380994	0.5420483840076962	0.5305413444893805
0.515029652055528	0.5301886852049673	0.5417079579343937	0.5496529481511772	0.5545314881463046	0.5570947664277419	0.5579870320529334	0.557602670589926	0.5562483042990625	0.5545099311975541	0.5525188399722119	0.5505099802036337	0.5486803952453574	0.5472256787195153	0.5463027479298983	0.5459865059352165	0.5463027479331934	0.5472256787259742	0.5486803952544843	0.5505099802145335	0.5525188399842236	0.5545099312098696	0.5562483043113637	0.557602670600259	0.5579870320601863	0.5570947664316659	0.5545314881452512	0.5496529481442121	0.5417079579200959	0.5301886853504136
0.5145802211846089	0.5297519550311307	0.5412865286704012	0.5492536207461214	0.5541549407388171	0.5567405985517944	0.557651212139362	0.5572894565320237	0.5559564398951515	0.554231064410228	0.5522569252256719	0.5502627705108836	0.5484480242944336	0.5470018621913493	0.5460841622949655	0.545769677378944	0.546084162298369	0.5470018621978738	0.5484480243039673	0.5502627705220906	0.5522569252381047	0.5542310644228561	0.5559564399077352	0.5572894565426321	0.5576512121467534	0.5567405985557379	0.5541549407374742	0.549253620738698	0.5412865286552595	0.5297519551776677
0.5140445973443093	0.5292315630966602	0.5407844527404304	0.5487780027162685	0.5537064495429043	0.5563190607845101	0.5572516560736407	0.5569169640668772	0.5556095078793692	0.5538996220242272	0.5519458811138467	0.5499693379347601	0.5481723663607969	0.546736437117648	0.5458248330012339	0.5455126369409964	0.5458248330047333	0.5467364371244994	0.548172366370439	0.5499693379462851	0.5519458811265334	0.5538996220371839	0.5556095078922745	0.5569169640776703	0.5572516560811493	0.5563190607883861	0.553706449541389	0.5487780027084206	0.5407844527247363	0.5292315632442293
0.5134232881005598	0.5286279681764903	0.5402021477794463	0.5482264399488361	0.5531864680502583	0.5558303319710944	0.5567886028085205	0.5564853228847539	0.5552074810939356	0.5535157646387976	0.5515858024834994	0.5496297518062825	0.5478534674310662	0.5464294456591183	0.5455249551212091	0.5452153206536856	0.5455249551249572	0.5464294456661101	0.5478534674409001	0.5496297518181859	0.5515858024965627	0.5535157646520226	0.5552074811071215	0.5564853228957336	0.5567886028161642	0.5558303319749349	0.5531864680485921	0.5482264399404322	0.540202147762745	0.5286279683243702
0.5127168645186853	0.5279416986986423	0.5395400942092063	0.5475993479438088	0.5525953942148032	0.5552746437400877	0.5562623242968208	0.5559947272768788	0.554750616279895	0.5530795541232454	0.5511768279006315	0.5492440858091001	0.5474913737881231	0.5460809101442496	0.5451845476018384	0.5448775119207809	0.5451845476057056	0.5460809101515132	0.5474913737982856	0.5492440858212202	0.5511768279140146	0.5530795541367208	0.5547506162932994	0.555994727288045	0.5562623243044751	0.555274643743811	0.552595394212867	0.5475993479350514	0.5395400941919757	0.5279416988469965
0.5119266440053458	0.5271740011013488	0.5387993859913163	0.5468977642632478	0.5519340860491742	0.5546529867130108	0.5556736103591255	0.5554458714112016	0.5542396272491334	0.5525915775862558	0.5507194554594061	0.5488128101450975	0.5470863709960394	0.5456911590687525	0.5448039791479005	0.5444998935027652	0.5448039791516415	0.5456911590761884	0.5470863710065483	0.5488128101574343	0.5507194554729491	0.5525915776000438	0.5542396272628736	0.5554458714225774	0.5556736103667816	0.5546529867166399	0.5519340860469555	0.5468977642538455	0.5387993859734639	0.5271740012499926
0.5110530536523452	0.5263251977718824	0.5379805036074501	0.5461221405433836	0.5512030683154308	0.5539658530555993	0.555022792119356	0.5548392345230351	0.5536749405536252	0.5520523163484903	0.5502141322021306	0.5483360796132182	0.5466389163970273	0.5452604469060383	0.5443833430558378	0.5440828008870877	0.5443833430597778	0.5452604469135363	0.5466389164076393	0.548336079625809	0.5502141322159986	0.552052316362543	0.5536749405675767	0.5548392345345246	0.5550227921270672	0.5539658530590863	0.5512030683127893	0.5461221405334289	0.5379805035885834	0.526325197921329
0.5100965940459066	0.5253958078017629	0.5370836279381965	0.5452725103849723	0.5504023362829962	0.5532132153315192	0.5543114942142449	0.5541746322677827	0.5530562514295543	0.5514611767067006	0.5496603631369581	0.5478133597636816	0.5461440939877225	0.5447881757477635	0.5439222284832788	0.5436254212394598	0.543922228487256	0.5447881757554107	0.5461440939981621	0.5478133597765105	0.5496603631510926	0.551461176720883	0.5530562514436212	0.5541746322793699	0.5543114942220893	0.5532132153348766	0.5504023362800687	0.5452725103743461	0.5370836279185003	0.5253958079515897
0.5090581210285912	0.5243866128215089	0.536109415948923	0.5443493599802238	0.5495324138053661	0.5523955718891873	0.5535389159898418	0.5534523902780801	0.5523837465419188	0.5508183973331526	0.549058030812466	0.5472449643641379	0.5456028849248042	0.5442744979023306	0.5434206716349355	0.5431277730921433	0.5434206716389767	0.5442744979101075	0.5456028849354926	0.5472449643771622	0.5490580308268491	0.550818397347486	0.5523837465561687	0.553452390289797	0.5535389159976489	0.5523955718923972	0.5495324138019235	0.544349359968864	0.5361094159284381	0.524386612971492
0.5079384768539335	0.5232983923329417	0.535058720934126	0.5433536282756446	0.548593768909738	0.551513362912921	0.5527049952889129	0.5526726438490233	0.5516575380045463	0.5501242527146992	0.5484071234772632	0.5466307803910677	0.5450177627701276	0.543719104591899	0.5428786173284887	0.542589999888829	0.5428786173326436	0.5437191045998411	0.5450177627810664	0.5466307804043069	0.5484071234918027	0.5501242527291712	0.5516575380188673	0.5526726438606939	0.5527049952965584	0.5515133629158644	0.5485937689060396	0.5433536282639224	0.5350587209127955	0.5232983924825518
