-100	-100	-100	-96.72120902592889	-82.56721098295469	-70.37502892731727	-60.24401679020161	-52.224823804694225	-46.27667915171516	-42.25679439198301	-39.86083535999571	-38.7618712446485	-38.506364030196046	-38.68379338200283	-38.955676439605426	-39.073649139244964	-38.95567701110363	-38.68379454052122	-38.5063658055326	-38.76338076884105	-39.863188862831414	-42.25679839767618	-46.27668411866071	-52.2248299696371	-60.2364989934364	-70.38429182808996	-82.56722285484892	-96.7212238151081	-100	-100
-100	-100	-95.0159547849317	-79.03969999107883	-64.84655970334646	-52.62729956392907	-42.45556161383677	-34.40745104981785	-28.441360038799875	-24.406752997613513	-22.00437240409923	-20.900135477669348	-20.642249789664376	-20.82035449112372	-21.093706028329688	-21.212109260907024	-21.09370659243126	-20.82051578654102	-20.6422515311571	-20.90013785417899	-22.004375466866115	-24.406756833738076	-28.44136476603887	-34.409980651180845	-42.455568717616636	-52.627308392846146	-64.84657062831548	-79.03971365325368	-95.01597178823326	-100
-100	-99.00242160858785	-81.4016276441637	-65.38530837469793	-51.15510497453327	-38.901412000816705	-28.699842344517933	-20.62901626488433	-14.64114057035964	-10.59248917384989	-8.181678638387549	-7.073120411150265	-6.814287788180994	-6.993245063215033	-7.26752019185016	-7.386397924385684	-7.267520658279202	-6.993246007938881	-6.814289228267399	-7.073122373497668	-8.181681161677712	-10.592492328645289	-14.641144449478965	-20.629021023770726	-28.69984823464847	-38.90141934216446	-51.15511420303092	-65.38532005549338	-81.40164239326002	-99.00243913987941
-100	-88.845119646873	-71.20377873280594	-55.15004043595907	-40.88492417372275	-28.598784779940278	-18.370659349658983	-10.274821432074875	-4.268361738886627	-0.20708308381174678	2.2124795237115347	3.3252266359270735	3.5850657052516173	3.405549022752986	3.130314306645265	3.0110109455767953	3.130314002166201	3.4055484072567284	3.5850647645265106	3.3252253476268487	2.212477861791805	-0.20638946167912575	-4.26836434095698	-10.27606223551333	-18.369096681050582	-28.600725106917547	-40.88493109950096	-55.15004946512762	-71.20379048081969	-88.84513438843626
-100	-81.52759087653676	-63.8483598708654	-47.75954146239846	-33.46169761754812	-21.145206980844982	-10.889174002770794	-2.772694550227027	3.250984722300144	7.325532699364443	9.75204694612515	10.868825306962183	11.12971182736327	10.949275238357732	10.673681833438243	10.553999921292093	10.673681738230243	10.949275043556035	11.129711523015347	10.868824875448894	9.75204636734973	7.325531925930322	3.250983698259443	-2.7726959722372184	-10.889176032910049	-21.145209874066232	-33.46170175245248	-47.75954739469982	-63.848368156789725	-81.52760214835948
-95.62594935156741	-76.51397636874374	-58.79973503362843	-42.678507445081856	-28.349874311296293	-16.00520482272478	-5.724663118314068	2.412488663787527	8.452173418165708	12.538516037543982	14.97222590223995	16.092844041173368	16.354799160518485	16.173892867536733	15.897712169011227	15.777696715749808	15.897676728879864	16.17389315277904	16.35479957776005	16.09284457632638	14.972226541387492	12.53851674503671	8.4505700441656	2.4124892731539624	-5.724662805063737	-16.005205100996275	-28.35415866966085	-42.678510120754176	-58.80570856023146	-76.51398400552391
-92.45815883048905	-73.31178018491971	-55.56538603129169	-39.41445796772818	-25.057493154262648	-12.690356790272732	-2.3837397718600526	5.772471803581483	11.82522728182885	15.924187481470616	18.36460789771112	19.488859344394626	19.751884666347053	19.570889384768588	19.293940278035212	19.173633587016905	19.293940676191202	19.570890179967638	19.751885850977246	19.488308695474338	18.36460982611212	15.922948126534566	11.826919052948181	5.772474526363864	-2.3837370374500084	-12.686913357243066	-25.057491284211803	-39.41445726841607	-55.56538694752934	-73.31178412636626
-90.65483867143936	-71.4770389298154	-53.70127095807575	-37.523429074306804	-23.140690089297745	-10.74652746042531	-0.4227339507565402	7.74892775664088	13.817313318060267	17.9260732934004	20.372678462912667	21.500311816038753	21.76438450586737	21.583238024821185	21.305728054969965	21.185200110075137	21.305758924988876	21.583239337098682	21.764114609933877	21.50031442379499	20.372681705497072	17.926077139797563	13.817317716813614	7.750863846470571	-0.42272880587309203	-10.746522266253214	-23.14068518830247	-37.523425031202876	-53.701268210077856	-71.47703920063296
-89.82980189301617	-70.61801941474101	-52.815725500224815	-36.61372863924913	-22.20788466112763	-9.792652572413637	0.549777342294429	8.739001529119935	14.81908942993492	18.935411682775545	21.387634388682933	22.51836815310834	22.783441976698224	22.60220826549622	22.324284520405122	22.20351190145342	22.324285435941913	22.602210096817725	22.783226415202744	22.51837179251052	21.387638927691967	18.935417087802143	14.819095667475846	8.739008488649546	0.5497848823176898	-9.792644739821938	-22.20787686777728	-36.617214606860465	-52.815719209712086	-70.61801600810898
-89.63006521718358	-70.39868290771834	-52.57313420862495	-36.349703913504925	-21.92350356845015	-9.489701136398105	0.8691786691775691	9.072209871508267	15.163053316078312	19.2873943211955	21.744622172857753	22.87814048295174	23.144143240646713	22.9628706468404	22.68457875505001	22.563625105068116	22.684579924422092	22.96287298318625	23.144146736985007	22.878145132858503	21.744627970741703	19.287401252428396	15.163061324841685	9.071082483918836	0.8691885139460815	-9.489690726975086	-21.92349292742408	-36.34969342076221	-52.573124514341586	-70.3986759812842
-89.79529607446572	-70.54235962763299	-52.69690986434604	-36.45505807007523	-22.011353678616306	-9.562774593175268	0.811488102067166	9.02642922840485	15.126563757274731	19.257845589873686	21.7194201511072	22.855371934683145	23.122206211771516	22.9409230682383	22.662329651194998	22.541225365326753	22.66233106820184	22.940925900691845	23.122210452360992	22.855377577283118	21.719427193859616	19.257420128945807	15.126573511229637	9.026440228244988	0.8115001906313273	-9.561551291351563	-22.011340278085097	-36.45504463474082	-52.696896890347915	-70.54234937649896
-90.1055890564688	-70.83639069422316	-52.97285941484246	-36.71571307359885	-22.25745602368573	-9.794359224901013	0.5899062585338273	8.815385395932502	14.922942697164014	19.060369125356193	21.525587163119415	22.66358403559417	22.93112394618441	22.749841263377526	22.471000968114478	22.349772459319638	22.471002634278133	22.749815898571462	22.931128929122135	22.663590665814752	21.52541564183479	19.06037901514929	14.92329448017225	8.815398354052963	0.5905069079276064	-9.794343822456996	-22.258319676817415	-36.71569658759955	-52.97284321868532	-70.83635304342698
-90.4115604758233	-71.1272851563939	-53.25135429753817	-36.98268551144649	-22.512396523878035	-10.039128884788774	0.35514442121886525	8.588243429268399	14.702307052325878	18.844007065557367	21.31211679559701	22.451733028305156	22.719824568422528	22.53853268722232	22.25948914091207	22.138159480075583	22.259487452744484	22.538536523584774	22.719830315185266	22.451740678206583	21.312126334599437	18.844018473284105	14.702141835547364	8.58825842865392	0.35545772329898817	-10.039110972165302	-22.51237762702854	-36.98213285911895	-53.25133482668184	-71.1265362688411
-90.62797465033486	-71.33378973273565	-53.44915483639517	-37.17124458833288	-22.693312770016824	-10.211831712538514	0.18919688617779062	8.427781200458593	14.546348520462551	18.691413446710982	21.16161600852939	22.30238744985683	22.570847562715404	22.38951660549056	22.110301620459772	21.988889688608094	22.110303814593358	22.389515541147002	22.57084184674976	22.302396184956883	21.161626906368138	18.691426478036156	14.546363662573597	8.427709639747683	0.18921587058424016	-10.211811096475612	-22.69312062529793	-37.171221935972824	-53.449131935086086	-71.33376904106824
-90.74056490362436	-71.44102366980232	-53.55068641236838	-37.26752262799997	-22.784326705639465	-10.298294684880881	0.10695323082784558	8.349117628102901	14.470460145325918	18.61758403903028	21.089032437515527	22.230452168805574	22.49907250142672	22.317652154080683	22.038285006315846	21.916805637676717	22.038287248673768	22.317657150723434	22.499079980644982	22.23046629927367	21.089044848663647	18.617598891788656	14.470477395490253	8.349137172951837	0.10697495986321748	-10.298271089198803	-22.784301493119344	-37.26749634592673	-53.55065953280504	-71.44094353233115
-90.80203661467812	-71.50078545226087	-53.60875588760559	-37.32389784621357	-22.838959208614074	-10.351249884447244	0.055528545136934504	8.298996582864234	14.421320209061056	18.5691400956162	21.040939647794335	22.182474400127056	22.45100414800562	22.269423029429678	21.989910562447463	21.86837447348763	21.989913420861583	22.269428738518794	22.451012699241385	22.18248576942738	21.04095382720143	18.56915707943415	14.421339916219427	8.29901892678233	0.055553364129023564	-10.351222765747497	-22.83893018648546	-37.3238673861903	-53.60872465084632	-71.50075590430144
-90.93318023713296	-71.63446957563663	-53.74470156147497	-37.46181041339378	-22.97857504203327	-10.492320716407303	-0.08678142837160241	8.155641197038666	14.277077567257564	18.424184161770786	20.8953926461871	22.036458049044608	22.304627189740714	22.12279439875759	21.84313069753838	21.721544401205673	21.84313378817667	22.122800960997253	22.3046387716687	22.036471121303162	20.895408948518693	18.42419651041983	14.277110065053009	8.155666935543213	-0.08675279424855642	-10.49228937947467	-22.97854144598223	-37.46180565660701	-53.74466486316515	-71.63443451224788
-91.32323359891174	-72.03136453230175	-54.14797044398988	-37.87080591825652	-23.392812173613358	-10.911279557467795	-0.5097787413762118	7.729178311128003	13.847825370914952	17.992708663642198	20.4623427300577	21.602323633350192	21.869840269683973	21.687637779708176	21.40780439584695	21.28617008664311	21.407807777831064	21.68764538562381	21.869851657866935	21.60234574539113	20.46236121183103	17.99274740325623	13.847829300351341	7.729208157078595	-0.5097454668764758	-10.911194368977021	-23.392772921594588	-37.87076432773759	-54.147927085394414	-72.03132258433281
-92.22856383753572	-72.94793484701545	-55.075124625839976	-38.807540585665514	-24.33841527761979	-11.864807519901172	-1.4703666830066124	6.762636121937254	12.876482079830504	17.01767511514982	19.48468858643223	20.62292144107216	20.889437724690485	20.70673035605121	20.426696458038624	20.305012567328113	20.426701208455167	20.706739244060856	20.88945103505132	20.622935171423183	19.484710674555483	17.017701542963735	12.8765312043765	6.762671039525636	-1.470362081660351	-11.86476476525392	-24.338369096243138	-38.80749149614568	-55.075073123935695	-72.94788447915165
-93.97111418579736	-74.7062113963687	-56.84828885532366	-40.59422897481262	-26.13768309182768	-13.67542891204989	-3.29099641748377	4.933497196522063	11.040536572536459	15.176406634132274	17.63972575472817	18.775520145865823	19.04068140872931	18.857315520635456	18.577034419185217	18.455293724468987	18.577039657265523	18.85732598519007	19.040697080027215	18.77554100204596	17.639751765420236	15.1764377639062	11.040572778030644	4.9335383573818925	-3.2909287443615955	-13.675378408214149	-26.137628410637017	-40.5941706005042	-56.8482273733502	-74.70615950551908
-96.93626189166136	-77.69169974657589	-59.85304791996905	-43.61653901489129	-29.176364275445174	-16.72891877766413	-6.357562933423438	1.8558032644572915	7.954014380112502	12.082854817012711	14.541356872536896	15.67398307729482	15.937399380298354	15.75319498534696	15.472610935837002	15.350803278710009	15.472617141281127	15.753207383077088	15.937417946818858	15.674007786130018	14.54138769402014	12.082964018982851	7.953961834797768	1.855852091014186	-6.35750836260032	-16.72885872300067	-29.176299136410194	-43.61646918368875	-59.85297409443451	-77.69162604054807
-100	-82.35074428877131	-64.5358187718006	-48.32096765334292	-33.901031185988245	-21.47191922519108	-11.116440773002013	-2.917211527602505	3.1698268804574568	7.2901513921403485	9.74267217573022	10.87136551989098	11.132618363495332	10.947378190152142	10.66642561518059	10.544531113155513	10.666432995818052	10.94739293619093	11.132640448173005	10.871394913747665	9.742708844248707	7.290195292962803	3.169877944761681	-2.9168778639327355	-11.116375803508669	-21.47184760565533	-33.90095329821054	-48.32088405917507	-64.53511246405203	-82.35065490289058
-100	-89.18757903260675	-71.40071446975709	-55.21169612213832	-40.81593657234426	-28.408752731161204	-18.073045502743216	-9.889986519360239	-3.8158575970458326	0.29376057254943877	2.739096592580676	3.8630586755704215	4.121703026398991	3.935208161624413	3.653795646163074	3.5318049844466133	3.6538044417360673	3.9352257372726616	4.121729351822623	3.8632208722745958	2.7393369374855636	0.29381291745282745	-3.815792935007182	-9.889917163961037	-18.07296790006105	-28.40866714144254	-40.815843351771996	-55.21159580366118	-71.40060770752939	-89.18747087286133
-100	-98.76011359476976	-81.00595353931485	-64.84699169171523	-50.47941049961429	-38.0978065588005	-27.784785988930974	-19.621021278424067	-13.562794634556171	-9.464905083863275	-7.0277093492442075	-5.909596402584174	-5.654031536326893	-5.8419721386696715	-6.1239808646051115	-6.246095566621131	-6.123970379083212	-5.841998123457486	-5.654000150106762	-5.909554620484536	-7.027944565094728	-9.464842648474857	-13.562721991048857	-19.620231040605436	-27.784693326963218	-38.09770429051753	-50.4792990032676	-64.84687145161163	-81.0058252017801	-98.7580913562459
-100	-100	-93.95993018106182	-77.83514547521122	-63.49980076770181	-51.1474993154053	-40.8604579184518	-32.71881975851461	-26.678420447951197	-22.59443473111751	-20.167229545280957	-19.055252756459005	-18.803264328250325	-18.992940392359838	-19.275618143737198	-19.397884001619804	-19.27560565995023	-18.992975965123602	-18.803226956460154	-19.055203002063948	-20.166796340942856	-22.594360383460348	-26.678333906829785	-32.71780424812826	-40.86034748467421	-51.147377323236924	-63.499667594957494	-77.83500164015946	-93.95977639169985	-100
-100	-100	-100	-94.83001422316444	-80.53103761258075	-68.21190240388245	-57.95407091723789	-49.837434094073004	-43.817196381203374	-39.74895602417787	-37.332762704329596	-36.22809812007385	-35.98020736089114	-36.17196776815356	-36.45535768983815	-36.57780572680069	-36.45534286516478	-36.17193814204829	-35.98016297285869	-36.228039022769124	-37.33268895533722	-39.74886769714543	-43.81709355902571	-49.83731693608809	-57.95393963727223	-68.21175727876803	-80.53087908023586	-94.82984279456085	-100	-100
-100	-100	-100	-100	-100	-89.98559427256399	-79.7603562022785	-71.67163326811834	-65.67392826289579	-61.62330857878908	-59.21946761192237	-58.12303075352828	-57.879780381540954	-58.073374122790845	-58.35814768759555	-58.48081263820662	-58.3581301438167	-58.073339060632385	-57.87972784934614	-58.12296080748213	-59.21896061519816	-61.62320402583647	-65.67380654401687	-71.67149455823407	-79.76020069875557	-89.98542228593972	-100	-100	-100	-100
-100	-100	-100	-100	-100	-100	-100	-98.95172817268289	-92.9783795991498	-88.9479004200267	-86.55777996480667	-85.47051224008524	-85.23246627266258	-85.42868398202987	-85.71449730203395	-85.83741738323258	-85.71447662546431	-85.42864265884933	-85.23228470661113	-85.47042979122757	-86.55767706914888	-88.94731405188082	-92.97885018388483	-98.95156461352424	-100	-100	-100	-100	-100	-100
-100	-100	-100	-100	-100	-100	-100	-100	-100	-100	-100	-100	-100	-100	-100	-100	-100	-100	-100	-100	-100	-100	-100	-100	-100	-100	-100	-100	-100	-100
-100	-100	-100	-100	-100	-100	-100	-100	-100	-100	-100	-100	-100	-100	-100	-100	-100	-100	-100	-100	-100	-100	-100	-100	-100	-100	-100	-100	-100	-100
