-11.325160297977556	-9.59561551075071	-8.167688529996711	-6.9979551132302715	-6.045776899967294	-5.285214563829661	-4.679496086750397	-4.201047335267599	-3.8281706304918903	-3.541203386211623	-3.324115356278454	-3.1634613387335806	-3.0495903504140363	-2.973530208602445	-2.931111220209079	-2.9174777631556514	-2.9311114621453056	-2.9735306900492464	-3.049591074658388	-3.1634623095659906	-3.3241165619466675	-3.541204833130948	-3.828172346774642	-4.201049229107954	-4.679498207791767	-5.285216989073601	-6.045779680716314	-6.99795791887162	-8.167692021459821	-9.595602446825575
5.202480469455249	5.468885869960882	5.659551922914055	5.783967064130005	5.851891787370471	5.872693437035621	5.856573694528761	5.812477070119736	5.747977746444635	5.670174599418213	5.59066978053216	5.516017613336808	5.451503896364087	5.402011822499751	5.371042608864723	5.360477091970451	5.371042766717545	5.40201143089531	5.45150649833947	5.51601683491165	5.5906688229838055	5.67017346104086	5.747959269958641	5.812475557932118	5.856572008242706	5.872691658450865	5.851889765893648	5.783965136813353	5.659491945718843	5.468881934549988
-1.602223018942139	1.8981175968437274	4.839856455496015	7.244586665864984	9.138909675701655	10.576451455553899	11.611412630335202	12.266087815933306	12.639803393893683	12.794436916280054	12.793092283813428	12.696041971100833	12.550668261128967	12.412286173709829	12.314566152432388	12.279648889554045	12.31456605543837	12.412285980798153	12.550667978749622	12.696041601561877	12.793093747310758	12.79443637980932	12.639802782849795	12.265889865676558	11.611411863734546	10.576450661689758	9.138908686092694	7.24458549498778	4.839855205848227	1.8981133217067043
-18.997952540772957	-11.318293899928909	-4.567571481539122	1.2148720945714038	5.996392481793224	9.832425794275986	12.76087193406084	14.861016368701957	16.263735778786998	17.052478411101642	17.39635014794126	17.438384852770252	17.308623866989485	17.115779441463907	16.962006139081815	16.90420164491801	16.96200623858529	17.115779643100467	17.308624174254057	17.438385272569416	17.39635068127404	17.052203264132533	16.26373655269756	14.861017218422239	12.760872890360263	9.83164936040624	5.996393268957491	1.2148726133185672	-4.567571415261385	-11.316798108542024
-38.629517984185725	-27.168164374475396	-16.872423039434157	-7.875533494107788	-0.16741318012508355	6.204428382320558	11.243610332749341	15.015948439311305	17.636091244811908	19.277049905814057	20.11525665146373	20.39448256327303	20.333821930737827	20.12092036597279	19.922580540882993	19.844676359748277	19.922580922542792	20.120921129726877	20.33371635002407	20.394484097570007	20.114962695427536	19.277052225196	17.63551574551841	15.015951452209563	11.243613599704199	6.204431829729625	-0.16599488838312926	-7.8755303420806495	-16.872420508029858	-27.16589704680848
-56.45124900081949	-42.06156272426442	-28.932780206007028	-17.207416149044118	-7.0435720264112005	1.5497697494873526	8.495534030647773	13.837340091349272	17.66362303847422	20.144035176379518	21.526214251822402	22.074864038066167	22.10963688859784	21.896888874665134	21.6654365671855	21.57098498690107	21.665437260997553	21.896890264120277	22.10963897069533	22.07486681098377	21.526217716247835	20.144039336043896	17.663627842752334	13.838257209271626	8.494395795597104	1.548355670812155	-7.043565794015079	-17.207410183099494	-28.93277521621803	-42.06156319630472
-71.21369212688465	-54.641908616135495	-39.37554992673528	-25.588901860661803	-13.482503996922933	-3.1187626573864957	5.394948838108172	12.02833070005493	16.872509997950537	20.08920176493343	21.954413576994536	22.75373512542011	22.885461398705118	22.68312156404257	22.428268244104103	22.32118935399027	22.428269220270707	22.68312351658079	22.88546432022141	22.753495479183012	21.954418438198797	20.08920757744505	16.873248481900234	12.02833824790422	5.393726999442139	-3.117236357444444	-13.482495172470143	-25.58889327253141	-39.37809964447098	-54.641905708679246
-82.89923051547693	-64.66664070231116	-47.7998244303166	-32.473495513110095	-18.914197996459052	-7.2142251474878885	2.4704818052526782	10.105274766501658	15.74629544324787	19.537458471855366	21.77998540986052	22.78944203734478	23.00588102525834	22.81668404121014	22.54601872298962	22.429982995764156	22.54600482993452	22.816686416553516	23.005884581809354	22.789446767885252	21.7799913127842	19.53746552133896	15.746303620492293	10.105283942961185	2.471714806929608	-7.214214441390835	-18.914187048332167	-32.47130943816752	-47.79981440762021	-64.66663471848085
-91.78058307322415	-72.20451008896137	-54.06660969574582	-37.57012152902896	-22.89714108170809	-10.24843158969096	0.29618874150785857	8.651656126364736	14.860909516928494	19.073253306228967	21.587371958912364	22.75470404328636	23.035387926501286	22.8580351104403	22.57892619107846	22.45716339813309	22.578927503500875	22.85803773183714	23.035391849548887	22.75470926440717	21.587378471470913	19.073261090636773	14.860918531832384	8.651666279623024	0.2961998453709187	-10.248419760367304	-22.89712887186313	-37.57010935792905	-54.066598156551684	-72.20735086578455
-98.74794329619361	-77.95665647155697	-58.76379816785099	-41.309929786740014	-25.798205191256386	-12.42602544521526	-1.2596249349909607	7.59787294197816	14.194637918372823	18.69106470675259	21.38697989859103	22.660835398901437	22.986049573738455	22.819266351484963	22.53615886769073	22.411318771704437	22.536160222284632	22.81926905563484	22.98593119932675	22.660840787374656	21.386986612323405	18.691072729970507	14.194647209469633	7.597883411410638	-1.2596134243159716	-12.426013150808648	-25.79985660388012	-41.30991692855466	-58.766120038892	-77.95664618268495
-100	-82.50737845006107	-62.327493692050275	-44.041578691276854	-27.842375354914985	-13.911787221776091	-2.2979280113646716	6.903203073449326	13.753032186607237	18.426738379159325	21.234533499651473	22.572174310412578	22.926068730543317	22.7678376010808	22.484456060391878	22.358613836269107	22.484457393041545	22.76778888525206	22.926072712787192	22.57238545090945	21.23454010468453	18.42674627479414	13.753041335269304	6.903213389727241	-2.2979166522295493	-13.911775037028088	-27.84236263882665	-44.041565834229615	-62.32969710916469	-82.50994449962549
-100	-86.2955366804964	-65.1438313896286	-46.08567933989114	-29.285550553490836	-14.90024612027629	-2.9547380129946914	6.480315224268338	13.48792201360716	18.261879017492216	21.129724938278493	22.500730576898306	22.870953224102504	22.719753046869286	22.43889641051615	22.31361461998861	22.438897676540364	22.719755573781676	22.870957004891086	22.500735608749835	21.1300381230374	18.26188651923798	13.487930711688465	6.480325046506207	-2.954727185133228	-14.900234484319018	-29.285538347835768	-46.085666924170354	-65.14381917409021	-86.29552547048021
-100	-89.63435749032874	-67.49377858759203	-47.687044149807264	-30.335193687889554	-15.559782510670862	-3.3594879714337065	6.236994813976413	13.337712166524144	18.15897928538853	21.051647813838557	22.4339739586181	22.81251825891245	22.66751392741093	22.391305041855684	22.267717994325725	22.391306214218243	22.66756338058873	22.812627851434574	22.433978619604382	21.051949085989776	18.158986236081905	13.337720226044194	6.236243489768993	-3.3593843259772633	-15.559771661316002	-30.33518228726295	-47.687032483685414	-67.49172710547919	-89.63434654930205
-100	-92.68895426115253	-69.55161697037116	-49.014590140521825	-31.141707704726883	-16.018124851750706	-3.6122171875866558	6.095645365903209	13.246656987959794	18.080319978534547	20.975628010921305	22.35479799188648	22.736824812132404	22.597538852732292	22.327390612569292	22.206291103131342	22.32738024121817	22.597540980091257	22.7367249373359	22.35480223057575	20.97563329734015	18.080326303386094	13.246664327626226	6.0956536716772	-3.612208001247816	-16.018114934983434	-31.141697238415077	-49.01457938785938	-69.5516062494905	-92.69124886229375
-100	-95.57003720870986	-71.44565762158356	-50.1772464302395	-31.805870528543387	-16.368408915022744	-3.7874675390563475	5.999465265894626	13.173497762723336	17.99751511782889	20.88062669996814	22.24886950505376	22.631299832553157	22.498367787898946	22.2349057955334	22.116823191213353	22.23490675170772	22.498324936758753	22.631302693513877	22.248873310724875	20.88063144840818	17.997520800936414	13.173504360374661	5.999472737410024	-3.7874592671904717	-16.368399957519138	-31.805861053903733	-50.17723666154744	-71.44564782605904	-95.57002763210247
-100	-98.32083750180759	-73.21953382113993	-51.24494921640694	-32.4278186760733	-16.668149181282384	-3.932805655936794	5.911460877751754	13.088410350497952	17.891565626870044	20.753959183096228	22.10739651705577	22.488761994646577	22.361865778052664	22.10633239996814	21.991607336791418	22.10633325098221	22.361911436968317	22.488665570109145	22.107399906391954	20.753963413041774	17.891570688909972	13.088957849060204	5.911467540787484	-3.9327982729787303	-16.66702896752249	-32.42781018547613	-51.24494045304226	-73.21952497018668	-98.32082876782609
-100	-100	-74.89908728847735	-52.242278882472405	-32.96741965812115	-16.94628383955328	-4.078180802470941	5.807589527118667	12.976690316539592	17.752700504120558	20.58939010073163	21.9279532886593	22.306549061645057	22.186089743052904	21.939353121062965	21.82814897786318	21.93935387461637	22.18609124749775	22.30664869034854	21.9279562875456	20.589393844490388	17.752704985969064	12.976695526011119	5.808292044575621	-4.078174247372134	-16.94627671976799	-32.96741208934486	-52.242271026412595	-74.89907934545658	-100
-100	-100	-76.35983933554384	-53.051371843514126	-33.36005386168523	-17.083303633837186	-4.094574960887618	5.823369912340178	12.975216298819607	17.72184721476531	20.53036293753074	21.85301771604245	22.23082559746938	22.116878318996992	21.87867383790023	21.77107874329226	21.87867450314171	22.116879645516146	22.23092341102929	21.853020359698895	20.530366237762955	17.721851167292893	12.975220892336328	5.822690274749311	-4.094569172267641	-17.083297335706778	-33.35874619343636	-53.05136486491303	-76.35983225523619	-100
-100	-100	-77.89293322670487	-53.97749580752614	-33.88526900596688	-17.37915270423642	-4.279354720244068	5.662597849716864	12.794339125412955	17.50898640945789	20.29020436561881	21.598053968770806	21.975394075915915	21.868145870753313	21.638543645573627	21.53454936697632	21.63854422950687	21.868147038856332	21.975395824707505	21.598056297559715	20.290207272553058	17.5093675600854	12.793828643856251	5.661929702193033	-4.278497193770043	-17.379147141450847	-33.883986395592416	-53.97596811752864	-77.89292691870601	-100
-100	-100	-79.35160143817187	-54.863825376070686	-34.401254694313906	-17.689128966965963	-4.495877054602384	5.469361751546193	12.578963390227662	17.263453037799298	20.015791145209636	21.311881084160287	21.68915760757862	21.58887094909698	21.36787078132441	21.267423758900993	21.3678712963963	21.588871977249127	21.68915914773481	21.311883135509913	20.015536460580115	17.26345610383019	12.578966956426589	5.4693658014530975	-4.495055231013908	-17.68912405165698	-34.40124944267343	-54.863819882471596	-79.34984472088233	-100
-100	-100	-80.73422794371524	-55.71331813395463	-34.9140300022903	-18.009121817465097	-4.741773061346002	5.24162672171045	12.333465408020295	16.98763539941788	19.71310042408396	20.999059649971933	21.37747414395753	21.284244980759407	21.07163726278001	20.974650449718645	21.071637716024426	21.28424588550406	21.377475499647222	20.999061456115804	19.71310267913836	16.988001238880035	12.333468551079225	5.241630292899817	-4.741769085371206	-18.00911747527689	-34.91402535505296	-55.71477099882855	-80.73593493577452	-100
-100	-100	-82.03606476530226	-56.525836116820884	-35.42458562212346	-18.34863612687956	-5.008858037334392	4.989007262940266	12.062712204760572	16.68883190330074	19.38895134870685	20.665873665661138	21.045953164777245	20.95998450732235	20.75556127882337	20.66192408438947	20.755561679243762	20.95998530618054	21.046043086047064	20.665875259240096	19.388953338400608	16.688834285415528	12.062714978074302	4.989010415777235	-5.008854524303431	-18.348632288207835	-35.423385983341475	-56.52583179429854	-82.03606032775535	-100
-100	-100	-83.26107128090953	-57.34567630448362	-35.923673292028894	-18.69631308121717	-5.294829864112564	4.714091520003645	11.767261740989062	16.369222785142316	19.047404378116564	20.315686412304295	20.698249490646337	20.61943313604308	20.422911912272284	20.33250059793618	20.422912264824205	20.61943384088494	20.698250548441525	20.31568781890406	19.047406135529815	16.36922488915501	11.767264191471746	4.713477895781331	-5.294826756154734	-18.69630968025196	-35.92366964179132	-57.34567246303248	-83.2610673271347	-100
-100	-100	-84.42496603656457	-58.09793149101128	-36.41420897078457	-19.049854728557513	-5.5854369549897385	4.4213477060886195	11.452792400796401	16.033935857940893	18.691185026073683	19.953839390768326	20.339082831274315	20.267532052703693	20.078660151242058	19.99134246169208	20.078660464017556	20.2675326764667	20.339083766878293	19.95384063662252	18.691186581997822	16.033937721660873	11.452794570237515	4.421350175627968	-5.585434200921393	-19.049851712965804	-36.4142057290173	-58.09792807256389	-84.4233784583148	-100
-100	-100	-85.5110088999595	-58.81186019948762	-36.90042599910652	-19.40741897224807	-5.896712050790086	4.1131161058976105	11.125798362634782	15.687629954088987	18.326277977424596	19.583959993750952	19.97232331228339	19.908008707720015	19.726533654335423	19.642175022679258	19.726533931448504	19.90800926226227	19.9723241431837	19.58381494324403	18.32627935652735	15.687631609492191	11.125800289026081	4.113118297091923	-5.896709603960019	-19.406641526102774	-36.89931997429932	-58.811857150986434	-85.50946668981612	-100
-100	-100	-86.52274667887728	-59.489204918760606	-37.374026630398646	-19.76599382024932	-6.215706026260468	3.80202834625792	10.788824683478305	15.333929865044354	17.955473889319208	19.209266088029743	19.601233149291545	19.544107269109627	19.369718940296774	19.288185588346693	19.36971918793157	19.544107760748492	19.601153960941737	19.20926706955426	17.955253193291284	15.33393133695517	10.788826396718916	3.8020302966798276	-6.215703847998816	-19.765991431482618	-37.37402405525239	-59.48920219466485	-86.52274385820805	-100
-100	-100	-87.56304574228184	-60.2308657098753	-37.931212589098344	-20.225890578330976	-6.633706586789883	3.3816373986833845	10.352890934105298	14.88224265438033	17.488686176012735	18.739664061313512	19.13547043138599	19.085417682357146	18.917808201999698	18.838965705185768	18.91780842206162	19.08541812092693	19.135471088357015	18.739664937516167	17.488687269437115	14.882243967060353	10.353314337699056	3.3816391393009155	-6.6330081256328395	-20.22588844443637	-37.93121028741319	-60.230863271495	-87.56304321103639	-100
-100	-100	-88.45240138815552	-60.845905491753406	-38.38268603548279	-20.593040664664297	-6.965123838466798	3.049497323200999	10.015926904236414	14.52022613108857	17.11362339551387	18.362669893067885	18.762563414397565	18.719458813104634	18.55836608091949	18.4820952110615	18.55836627687414	18.719459204311402	18.76256400162993	18.362670676001684	17.113624373903818	14.52022730544075	10.015928270929725	3.0489649730039012	-6.965122098037188	-20.593038755412266	-38.382683972307305	-60.845903306511765	-88.45380159807618	-100
-100	-100	-89.2893823110046	-61.428051355839486	-38.81823765592715	-20.95532699650635	-7.298522338320739	2.715068010130592	9.66768649485133	14.158759689023157	16.739866368019023	17.987964435394208	18.39227213811975	18.355873441325624	18.20103752703881	18.127197822482206	18.2010377030288	18.355873793879475	18.392272664402583	17.987835490857307	16.740069721300994	14.158760741089072	9.66768772050382	2.715069401330531	-7.298520777647312	-20.955325280387548	-38.81823580429971	-61.428049388113685	-89.28938026196536	-100
-100	-100	-90.10666667220544	-61.9818808124551	-39.23888190242689	-21.31260249329977	-7.631013625105137	2.380873626095365	9.319957127620517	13.8068114647809	16.36961490488827	17.61711770843243	18.02611382619499	17.996133427544528	17.847264537945893	17.77574655589637	17.847264696094292	17.996133744027475	18.026114299456648	17.616992777444658	16.369811772997657	13.806812410307566	9.319958228079086	2.380874881196842	-7.631012220716643	-21.311820359296654	-39.23888023219595	-61.98187903860661	-90.10797805031991	-100
