16.091484939261946	17.407992638061117	18.52779399799016	19.485886578427376	20.242013629805598	20.88034344719652	21.401423865494113	21.822388216788916	22.154294064368877	22.41631029380516	22.474149352474587	22.62573972574031	22.735506607318733	22.80964738957282	22.852254523903945	22.866147003852006	22.852254562682795	22.809596464511184	22.73550672459018	22.62597283393059	22.474149548582087	22.415157160197623	22.154294340638693	21.822388534483466	21.40142422615649	20.88034385116067	20.242014075926164	19.466506576031193	18.554624768141444	17.408038712778456
16.347052453279712	17.59473189035206	18.651324552413037	19.539640950117096	20.276056708278208	20.884680177738964	21.38381842201665	21.789130544839374	22.1103542494998	22.364337441366125	22.419602678813924	22.568758053686288	22.677443839440336	22.751237859951424	22.79388616994845	22.807799594721523	22.793829669606545	22.7512511072596	22.67744582933085	22.56863111410918	22.41960288262858	22.365249227833345	22.110354536741184	21.789130873867137	21.38844898550675	20.88468059498637	20.276057172047164	19.55436778271926	18.651325114447623	17.59473201720952
16.55058495324343	17.755201069693292	18.7403281686145	19.599035969292643	20.29293747550492	20.87760199678236	21.359060428543362	21.751777086106742	22.065652640574474	22.313538026844437	22.364482529650164	22.5121866785349	22.620260594162957	22.693902372998	22.73649365615638	22.750428837675248	22.736493871748067	22.693902455897348	22.620260719221115	22.512276284527967	22.36448273927434	22.313538279403335	22.065652937574175	21.75177742582087	21.35906081491809	20.877602429011752	20.29293795325581	19.588072600036213	18.74032875122035	17.755201205178068
16.7030673103939	17.83690408880708	18.801649726610407	19.61712494863358	20.296914743299812	20.862554560576186	21.329991330668726	21.71273569375863	22.018603686760528	22.26274329560375	22.311759255330543	22.458199813620514	22.565658720210276	22.63915801181821	22.681764987245316	22.695722588023056	22.68176502952611	22.639158098305025	22.56565885030821	22.45813953181499	22.311759471989298	22.2627435557273	22.018603992441513	21.712736045624787	21.329991730655394	20.862555007908984	20.302536515275786	19.617125493272148	18.801650327687213	17.851663378600627
16.813931105554097	17.908288559256416	18.84120802094532	19.631468680182323	20.291682808250254	20.842489409857258	21.299012613753735	21.674013343920766	21.974637878339337	22.215441553958343	22.26265711601749	22.407879216432924	22.515000046895064	22.588413788855814	22.631048825551346	22.645029318133346	22.63101763457984	22.58841387739147	22.51500018079977	22.407879393986782	22.262491857811717	22.21544182469085	21.974638194477066	21.674013706867523	21.2990130256161	20.842489870403533	20.29168332038491	19.63146924246729	18.84120864116905	17.90828871404325
16.900957907675256	17.95562036111511	18.864160882294538	19.635127548515065	20.280382138678334	20.819872793528482	21.268089694091632	21.637216028092446	21.933882118327116	22.172187154051386	22.217779922696025	22.36245293929879	22.46930593821982	22.54268173552174	22.585355109327985	22.599358847085128	22.585330287841913	22.542681827237985	22.46930607605411	22.36245312315986	22.217780153033623	22.172187432273653	21.93388244542737	21.637216403642917	21.2680901194078	20.819873269983287	20.28310076649622	19.63512812826597	18.864161521068308	17.9556205302844
16.949342722545694	17.984602289147936	18.87492357932168	19.631491755284994	20.26560341672492	20.796686574718645	21.238753472609698	21.604037726811388	21.89732135685263	22.133819115404048	22.178374358899994	22.322591105884502	22.42925434714452	22.50263104447745	22.54535091792878	22.55937810803837	22.545350940402592	22.502631139517437	22.429254489134593	22.32256200232251	22.178374598064103	22.133819403684615	21.897321693919316	21.604038112884634	21.238753909392788	20.796687066548852	20.267389880281858	19.631492354900185	18.874924237686265	17.98460246846262
16.975073894949016	18.000071423373626	18.877178047305346	19.623326216065895	20.249396528342466	20.774434877306412	21.21210265797921	21.573826651951094	21.865563085537907	22.100814993176677	22.14467364823195	22.28856124573705	22.395180228761014	22.46858915042015	22.511362027953215	22.52539811617296	22.511362077118083	22.468589247365465	22.395172003914467	22.288561441953604	22.14467389425438	22.100815288953157	21.865563432756673	21.574129444073108	21.212596041159713	20.774435383190507	20.24939709134786	19.62491185324907	18.879363468178685	18.00007161430415
16.992543532618292	18.00601516856457	18.8738874708477	19.612778432595896	20.233272742194718	20.75414466404963	21.1888055515424	21.54845341502569	21.838841352532846	22.07329263180955	22.116724908741208	22.260459334211575	22.367073064726522	22.440538525583403	22.48336922752021	22.497443468449113	22.48336924305118	22.440538626800016	22.367073216249747	22.260459535759715	22.116725162499517	22.07329293762556	21.838841710663214	21.548453826522362	21.18880601909676	20.754145185714346	20.233273319176103	19.612779066890862	18.873888170052336	18.006015372809113
16.999824390774805	18.005582859674536	18.86799928085926	19.60138479610515	20.218212012939826	20.736371051323456	21.169101522019712	21.52744421415237	21.817012834501327	22.0510324000674	22.094222444584183	22.23791573446492	22.344577643248854	22.41811813515752	22.461010200417693	22.475107833553913	22.461010252318733	22.418118239544647	22.344577799942115	22.237922400437505	22.094222706324164	22.051007960552685	21.817013203859418	21.527444639755085	21.169102003834805	20.73637158950351	20.218212609506505	19.60138545173158	18.868000000186235	18.005583076342095
17.000197479001326	18.001097403484952	18.85896957439771	19.59007634873665	20.204663823782976	20.721196967812034	21.15287826733677	21.510416268493454	21.799560971954488	22.033366340486985	22.076502424946177	22.2202321872313	22.32699203734884	22.400620708516993	22.443576368967353	22.457697169409524	22.443576422922956	22.400620815807795	22.32699219896789	22.22023240264217	22.076511135405788	22.033370117846964	21.799561352905176	21.510416707247213	21.152802764431446	20.72119752271353	20.20466443914321	19.59007702272505	18.858970315978247	18.00155347480003
16.995977932068797	17.99406346925036	18.849740003588497	19.579182980423717	20.192553040426958	20.708238107455163	21.139293321391907	21.496589848975415	21.785592195245947	22.019368879360133	22.062570011921075	22.2063964134687	22.313268478963092	22.38699427826326	22.43001206524718	22.444158562973737	22.43001212051303	22.386994389590242	22.313268645227016	22.206396636192647	22.062570290459618	22.019369215347076	21.78559258857571	21.496590300944323	21.13929383212057	20.70823867926403	20.192553672856363	19.57918367833051	18.849740769186713	17.994063709295286
16.988601402017995	17.985175618231352	18.83977323135939	19.56843836328247	20.18128046720391	20.696641678068072	21.12753473022004	21.484790824428185	21.773840127666464	22.007722590042277	22.051044092610407	22.195011243253532	22.302012438051676	22.37584055995339	22.41892643860331	22.433092706116046	22.418926495216834	22.37584067499138	22.302012610914886	22.19501147309621	22.051044379647664	22.007721229844634	21.773840533094504	21.48479649206848	21.12753525791148	20.696642267068437	20.181281118662607	19.568439083880516	18.839774019851912	17.985175874891567
16.978236961106262	17.974324407717003	18.828540784070437	19.55698194098356	20.1697270065923	20.685094356427197	21.116064877879648	21.473449865255432	21.76266246155751	21.996721657368038	22.040212130787044	22.184342969224797	22.29148292643935	22.365415942178736	22.408566962220622	22.42275542382068	22.40856701829743	22.36541605943404	22.291483104361205	22.184343204482335	22.04021253808987	21.99672201646411	21.76266288086226	21.473450346835854	21.116065421668136	20.685092046719074	20.16972767995846	19.556982681335448	18.828550519344528	17.974324677675366
16.96458835440727	17.960601226841728	18.814832984220097	19.543363779535756	20.15625454484606	20.671805696752543	21.102990771116115	21.460604039341572	21.750044399713275	21.98432258148171	22.0280045606484	22.172310258649173	22.279592938462685	22.353631216985676	22.396846572109624	22.411056865323925	22.396846701734788	22.35363133878279	22.279593121080346	22.172310502643523	22.028004867997975	21.984322988823646	21.750044833048563	21.460604535757323	21.10299133360984	20.671806324965416	20.156255240365766	19.54336454384087	18.814833823080853	17.960601511607138
16.946105025216198	17.94230399705037	18.79675980400427	19.525544728439762	20.138708632773234	20.65454218795	21.086010025621313	21.443897648801773	21.733597236348906	21.968113415559767	22.011997960389458	22.156482898293092	22.263909119726623	22.338051947081112	22.38133084152294	22.39556241218494	22.381330905204173	22.338052068278145	22.263909309147095	22.15648315155414	22.01199827710014	21.96811379687073	21.733597683135592	21.443898162372975	21.086010607939244	20.65454283712083	20.13870935351419	19.525545519326336	18.796760670571864	17.942304294737983
16.920383350114665	17.91693897202225	18.771755175745668	19.500901896501965	20.114420472342484	20.63059680247996	21.062390529312946	21.420582509036883	21.710560574580363	21.94532578284631	21.989419353070918	22.134084960770608	22.241654063441885	22.315900036720105	22.359241255750476	22.373493706397074	22.359241321092327	22.315900167217375	22.241654258608257	22.134085221256292	21.9894196801495	21.945326176159952	21.710561036331143	21.42058303934506	21.06239112895079	20.630597472291218	20.114421216036998	19.50090271298332	18.77175657957956	17.916939499841767
16.88409227235052	17.88122648988458	18.73658102405598	19.466227255431637	20.080207455471427	20.596806759189917	21.028984291612208	21.387520487052434	21.67780270124647	21.912832057782172	21.957143430887342	22.101992465981024	22.20970444269093	22.28405259717703	22.327455141218934	22.341728046199332	22.32745520839262	22.284052732154016	22.20970464447134	22.101992736974342	21.957143769168397	21.912832465788068	21.677803177394836	21.387521034150545	21.02898491246999	20.59680745294677	20.080208219809084	19.46622809966234	18.736581947899797	17.881226823064257
16.832976012370345	17.831100725786214	18.687324539750552	19.417732755025796	20.03237697956768	20.54955142475498	20.982223810977857	21.341182325499478	21.631821363718238	21.86714771928346	21.91169653342264	22.05673782940608	22.164595563407644	22.239045833883786	22.282508898499344	22.29680182619454	22.282508959606204	22.239045990848176	22.164595773047033	22.05673810941881	21.911696883667634	21.867148140023758	21.631821856953884	21.34118289360293	20.982232133031044	20.54955214114306	20.03237777316177	19.41773362747854	18.68732549577791	17.83110107742104
16.761855999403462	17.7617147223578	18.619406315111757	19.351049792810223	19.96672522167592	20.484795488513274	20.918125719145543	21.27765221067766	21.568746562976095	21.804432435496977	21.849256179368325	21.994508279383517	22.102519182156172	22.17707323648965	22.220596303873602	22.234908831711323	22.220596376291045	22.177073369800848	22.10251939843615	21.994508568926413	21.84925654189842	21.80443287217721	21.56874707446888	21.277652796923842	20.91812638263724	20.484754130065678	19.966726042852198	19.351139992744024	18.61940730343461	17.761715093361886
16.66518129292836	17.667440168081026	18.527884365433167	19.261232004751694	19.87854192999859	20.397881609439683	20.83229134908293	21.192626211459466	21.48433968424573	21.72049052454455	21.765653035672877	21.911149071229396	22.019327567456624	22.093989671996045	22.137572984902178	22.151904763051053	22.137573050907783	22.093989821379548	22.019327791995142	21.911151842585287	21.76565341250823	21.720490977356256	21.4843402141392	21.19262681937325	20.83229203626214	20.39788237728899	19.87854278215245	19.261232941235733	18.52757833950067	17.667440558142363
16.53429366986361	17.541869765651306	18.405924045624275	19.142757234558015	19.762609482486045	20.28395066758428	20.719908161853922	21.081416108225056	21.37399814089916	21.610774965766367	21.656373606285065	21.802165019904347	21.910534078453892	21.985311633214494	22.028952766779888	22.0433067219592	22.02895611685645	21.985311789018056	21.910534311134295	21.80216533137072	21.65637399576184	21.610775433963944	21.37399869063127	21.081506825415616	20.71990887457696	20.283951465721593	19.762610363162462	19.142758202149334	18.4059251047161	17.541870176274116
16.36289827412009	17.377818346288805	18.247866509437763	18.99040162062861	19.61320540852712	20.137524977262125	20.575752724912952	20.938950263603466	21.2327544812936	21.47043757593116	21.516559687180536	21.6627207981456	21.771314449762272	21.846219032161308	21.8899264035225	21.90429574979576	21.889926483465892	21.846219192216324	21.77131469135395	21.66272112124186	21.51656009166638	21.470386756039684	21.232755051516637	20.938950916379277	20.575753463181886	20.13752580161188	19.613206320427405	18.989527709742788	18.24786760663805	17.3778187806829
16.141593753879146	17.1673214084849	18.048228378891046	18.794869323414346	19.4241041592874	19.953440980124423	20.394190254512804	20.75977463412019	21.055279539937366	21.294076841022044	21.34101332338407	21.487645645397784	21.59651064520032	21.671558512101434	21.715331773263365	21.729719592503322	21.71533185736328	21.67155867990794	21.59651089562297	21.487645980065537	21.341013742895466	21.29407734516045	21.055280131789196	20.76006928897084	20.394191020509197	19.953441836763087	19.424105107674638	18.79487036279717	18.046161871154474	17.167321866117685
15.860605644761392	16.90163764073516	17.796223885806377	18.551539570647364	19.190281507202958	19.72435944430462	20.169178803271986	20.538057079003618	20.835885054050188	21.076399660114784	21.124269062183405	21.271432890179383	21.380630772703682	21.455843627733383	21.499686918550765	21.51409308687179	21.499687005232666	21.45584380204529	21.380631032905455	21.271433238746482	21.12426949911765	21.07625263373043	20.8358856683949	20.53805778316509	20.169179600711974	19.72436033470534	19.188577633446027	18.551540650603613	17.79290028486423	16.90163812361027
15.509238193583018	16.571245240939795	17.47950856517163	18.251719573705355	18.89939404645557	19.442176442042722	19.89426966645706	20.26758685408208	20.568524095104927	20.810972195406244	20.860235256548993	21.008286100984886	21.117853611841046	21.19325962807657	21.237178643957577	21.25160316328057	21.237178733608943	21.19325980763799	21.117853882479768	21.00824447901753	20.860235710870203	20.81097274043359	20.568524734850882	20.267587587275134	19.894270494377576	19.44217736662953	18.89939506962238	18.251720696440312	17.47950979316484	16.571245750365485
15.075868864987042	16.16584083429655	17.09675241130564	17.88701944896154	18.548826269568824	19.102433625441734	19.562608942470376	19.941778384722348	20.24679581708803	20.491956605864175	20.542921369304423	20.691978422586985	20.802030379825748	20.87766462347493	20.9216665857989	20.93610953663988	20.921666678326066	20.877664811129524	20.80204879207545	20.69197879854984	20.54292184114062	20.49195717316443	20.246796480716387	19.941779147031312	19.56260980309225	19.10504893734828	18.54882733317417	17.88702061672202	17.10421058899019	16.16584136960957
14.547945320060078	15.688553822069679	16.63472630546291	17.448475247737907	18.128643213694232	18.69629681166696	19.166941243239485	19.55367338852259	19.86394620364968	20.112584436159093	20.16571499754865	20.315939843203918	20.426686568193524	20.50259213442463	20.54668617556275	20.561147788123	20.54668627270029	20.50259232978768	20.426686861568378	20.315940234217667	20.165715488351236	20.112585026148448	19.864837618975994	19.555194451240954	19.16694213891641	18.696297811672615	18.128644318363598	17.4484764592889	16.634727634539136	15.674337604673408
13.911977258380803	15.08485607373424	16.08285620812612	16.92655000860588	17.630115978912105	18.220771194208606	18.699609172651968	19.09594172011096	19.412870527453443	19.665898414294613	19.72174855913425	19.873510635134913	19.98502755368729	20.061256107857325	20.105453306393976	20.119933924157674	20.105453408050273	20.06125631203136	19.985027859239523	19.873511043260336	19.72174906995407	19.665899027924706	19.412871247810088	19.095942544495248	18.69961010632883	18.215653524909026	17.630117128761253	16.92655127168627	16.08285758830886	15.084856669790891
13.153526439541444	14.384725276117926	15.429895880312214	16.311130576391236	17.04401462503527	17.651943896796723	18.152556125201794	18.56088568324223	18.88611786655899	19.144608204783246	19.204261239504323	19.357484728458804	19.46993932554025	19.5465519131303	19.590866168381844	19.60536556807488	19.590867291277082	19.546552123683973	19.469939644413177	19.357662230163935	19.203829759845267	19.14460884449582	18.8861186165786	18.560886542355764	18.152557096380182	17.65194497998587	17.044015822992986	16.3111318916566	15.429897317538286	14.384725904043773
