-0.35622423499339817	-0.35625849657730413	-0.3562900792258006	-0.3563193280244761	-0.35634623939927934	-0.35637081274719407	-0.356393047497626	-0.3564129431343517	-0.35643049919532643	-0.35644571527296876	-0.3564585910136273	-0.35646912611876047	-0.35647732034319546	-0.3564831734967022	-0.3564866854434001	-0.35648785610167977	-0.356486685444267	-0.35648317349848213	-0.35647732034578894	-0.3564691261222137	-0.3564585910180753	-0.356445715278106	-0.35643049920142644	-0.35641294314126526	-0.3563930475054846	-0.3563708127557845	-0.3563462394087935	-0.3563193280347221	-0.3562900792583079	-0.35625849375837504
5.432077285807708	5.432556344549145	5.433002383603004	5.433415413907742	5.433795428156969	5.43414241976123	5.434456382702237	5.434737311533986	5.434985201383803	5.435200047951099	5.435381847508751	5.435530596902812	5.435646293552473	5.435728935450257	5.4357785211625895	5.435795049828819	5.435778521162394	5.435728935449969	5.43564629355199	5.435530596902144	5.435381847507976	5.435200047950126	5.434985201382602	5.434737311532714	5.434456382700674	5.434142419759546	5.433795428155129	5.4334154139057524	5.433002383601902	5.432556344406123
9.896721585597547	9.897501179928527	9.898227030194146	9.898899137218569	9.899517495544096	9.900082100203262	9.900592946661018	9.901050030814769	9.901453348994643	9.901802897962908	9.902098674914	9.902340677474086	9.902528903701102	9.902663352084911	9.902744021546734	9.90277091143927	9.902744021546871	9.902663352085192	9.90252890370153	9.902340677474701	9.902098674914761	9.90180289796385	9.901453348995755	9.901050030815973	9.900592946662343	9.900082100204786	9.899517495545803	9.898899137220376	9.898227030196525	9.897501179875512
12.939782496913345	12.940654245808014	12.941465849869791	12.942217313113385	12.94290864060211	12.94353983699809	12.944110906562809	12.944621853156399	12.945072680236	12.945463390855021	12.94579398766129	12.946064472897202	12.94627484839826	12.946425115592708	12.946515275501088	12.946545328735873	12.946515275501273	12.946425115593051	12.94627484839884	12.946064472897996	12.94579398766224	12.945463390856183	12.945072680237363	12.944621853157939	12.944110906564543	12.943539836999966	12.94290864060427	12.942217313115655	12.9414658498723	12.94065424581363
14.747733462632024	14.748538903470493	14.749288693227399	14.749982850617123	14.750621396944823	14.751204351802615	14.751731733090145	14.752203557011462	14.752619838072281	14.752980589077463	14.753285821129031	14.753535543624077	14.753729764253258	14.753868488999693	14.753951722137625	14.753979466232025	14.753951722137748	14.753868488999881	14.753729764253547	14.753535543624452	14.753285821129502	14.752980589078044	14.75261983807296	14.752203557012262	14.751731733091017	14.7512043518036	14.750621396945897	14.749982850618302	14.749288693228479	14.74853890349495
15.660922626885473	15.661574865040443	15.662181925550385	15.662743847469157	15.663260670255273	15.663732429188084	15.664159078448055	15.664540736588558	15.664877430484474	15.665169183858083	15.665416017275582	15.665617948144082	15.665774990709117	15.665887156052758	15.665954452091942	15.665976883577105	15.665954452091926	15.665887156052761	15.665774990709084	15.665617948144062	15.66541601727556	15.665169183858048	15.664877430484431	15.66454073658849	15.664159078447991	15.663732429188023	15.66326067025522	15.662743847469102	15.662181925550195	15.661574865059452
16.030652250355146	16.031130373871573	16.031575241703408	16.03198691274652	16.032365443157648	16.032710884620528	16.03302328434778	16.033302685074872	16.033549125053998	16.033762638049268	16.033943253332005	16.034090995676994	16.034205885358904	16.034287938149852	16.034337165317066	16.034353573621527	16.034337165317023	16.034287938149753	16.03420588535876	16.034090995676813	16.033943253331774	16.033762638048987	16.03354912505368	16.03330268507449	16.03302328434736	16.03271088462006	16.03236544315714	16.031986912745964	16.031575241702754	16.031130373879762
16.129867611880293	16.130196476462928	16.130502311879845	16.130785192512285	16.13104518758086	16.131282360800103	16.13149677037189	16.131688468977853	16.131857503772576	16.13200391637742	16.132127742875177	16.132229013805386	16.132307754160344	16.132363983381847	16.132397715358728	16.132408958424968	16.1323977153587	16.132363983381808	16.13230775416028	16.132229013805308	16.13212774287507	16.13200391637729	16.131857503772416	16.131688468977693	16.131496770371697	16.131282360799883	16.13104518758063	16.130785192512032	16.130502311879564	16.13019647646422
16.12885139115535	16.129077653797378	16.129287919380875	16.129482272170023	16.129660789972064	16.129823544407447	16.129970600899338	16.13010201866551	16.130217850710437	16.13031814381887	16.13040293854955	16.13047226923034	16.130526163953576	16.130564644572516	16.130587726698725	16.130595419699894	16.13058772669877	16.130564644572587	16.130526163953697	16.130472269230502	16.130402938549746	16.130318143819093	16.130217850710704	16.130102018665795	16.129970600899675	16.12982354440781	16.12966078997245	16.129482272170456	16.12928791938135	16.129077653796653
16.112143330435764	16.112317569613378	16.11247937797954	16.112628844484227	16.112766051197163	16.112891073662286	16.113003980886536	16.113104835331264	16.113193692904233	16.113270602952618	16.11333560825647	16.11338874502362	16.113430042884882	16.113459524890327	16.1134772075065	16.11348310061399	16.11347720750659	16.113459524890523	16.11343004288515	16.113388745023983	16.113335608256914	16.113270602953158	16.113193692904872	16.11310483533199	16.113003980887342	16.112891073663196	16.112766051198165	16.1126288444853	16.112479377980712	16.112317569613133
16.10874212298825	16.108908371885022	16.109062737874197	16.109205310478142	16.109336172415055	16.109455399825155	16.109563062260115	16.109659222674328	16.109743937416766	16.109817256223995	16.1098792222138	16.10992987187967	16.109969235086336	16.10999733506571	16.110014188414212	16.110019805090534	16.110014188414333	16.109997335065948	16.109969235086687	16.10992987188014	16.109879222214374	16.109817256224687	16.109743937417573	16.109659222675237	16.10956306226116	16.10945539982628	16.109336172416324	16.10920531047951	16.109062737875664	16.10890837188569
16.118809945664896	16.119001580701017	16.119179592632022	16.11934406860504	16.11949508926889	16.11963272885861	16.119757055185584	16.119868129629126	16.11996600712845	16.12005073617577	16.120122358810296	16.120180910612575	16.12022642070019	16.120258911723997	16.120278399865235	16.120284894833453	16.120278399865335	16.120258911724193	16.120226420700494	16.120180910612984	16.120122358810804	16.120050736176395	16.11996600712915	16.119868129629936	16.119757055186486	16.11963272885963	16.119495089270007	16.11934406860625	16.119179592633316	16.119001580702047
16.131454833634393	16.131694117341965	16.131916511684224	16.13212209949537	16.132310957502398	16.132483156330466	16.13263876049358	16.132777828386608	16.13290041227759	16.133006558301098	16.133096306452494	16.13316969058258	16.133226738393414	16.13326747143471	16.133291905101096	16.133300048630133	16.13329190510115	16.133267471434827	16.133226738393574	16.133169690582797	16.13309630645276	16.13300655830142	16.132900412277955	16.132777828387027	16.13263876049406	16.132483156330963	16.132310957502973	16.132122099495966	16.13191651168487	16.13169411734264
16.134349578339155	16.134649466018924	16.13492831028272	16.13518618848945	16.13542317230602	16.135639327700197	16.135834714931878	16.136009388545425	16.136163397362637	16.13629676411674	16.13640951916937	16.136501730168895	16.136573422992893	16.136624617771748	16.13665532888626	16.136665564965565	16.136655328886224	16.136624617771695	16.136573422992818	16.1365017301688	16.136409519169252	16.136296764116604	16.13616339736248	16.13600938854524	16.13583471493168	16.13563932769998	16.135423172305764	16.135186188489165	16.134928310282426	16.134649466018576
16.117847387886194	16.11821355972736	16.118554145286815	16.118869215858044	16.119158837460386	16.11942307086337	16.119661971578918	16.119875589853905	16.12006397066377	16.12022715370653	16.120365166500683	16.120478012655994	16.12056575715987	16.12062841855707	16.120666010095693	16.120678539725176	16.120666010095572	16.120628418556837	16.120565757159515	16.120478012655532	16.120365166500104	16.12022715370585	16.12006397066297	16.119875589852995	16.119661971577887	16.119423070862236	16.119158837459125	16.118869215856705	16.118554145285355	16.118213559725717
16.07603690701097	16.0764699670248	16.076872857210777	16.077245642604357	16.077588383380004	16.077901134927764	16.078183947845734	16.078436867933302	16.07865993618529	16.078853188786294	16.079016657106074	16.079150367695235	16.079254342281857	16.079328597768495	16.079373146230033	16.079387994912047	16.079373146229813	16.079328597768058	16.079254342281217	16.07915036769439	16.07901665710502	16.07885318878502	16.078659936183797	16.0784368679316	16.078183947843826	16.07790113492566	16.077588383377712	16.077245642601824	16.07687285720803	16.0764699670217
16.00638989082995	16.006887210487413	16.007349957732	16.007778191411003	16.008171965916443	16.00853133131614	16.008856333346735	16.009147013407667	16.009403408555446	16.009625551498843	16.00981347059426	16.009967189842104	16.01008672888349	16.010172102997597	16.010223323099506	16.010240395738897	16.010223323099186	16.01017210299696	16.010086728882555	16.009967189840854	16.009813470592725	16.009625551496985	16.009403408553286	16.00914701340519	16.008856333343985	16.008531331313034	16.00817196591307	16.007778191407322	16.00734995772804	16.006887210482926
15.908933117371692	15.909490135508051	15.910008492073626	15.910488131994255	15.910929219914763	15.911331801645693	15.911695918256207	15.912021606921293	15.912308900916297	15.91255782961268	15.91276841847391	15.912940689051823	15.91307465898381	15.913170341990345	15.91322774787314	15.913246882513715	15.913227747872734	15.913170341989538	15.913074658982584	15.912940689050208	15.9127684184719	15.91255782961027	15.91230890091347	15.912021606918067	15.911695918252597	15.911331801641694	15.910929219910377	15.910488131989496	15.910008492068474	15.90949013550227
15.785391933292342	15.786002830140562	15.786571375968476	15.787097618066682	15.787581600045616	15.788023280014006	15.788422776782586	15.788780132060708	15.789095375564719	15.789368533524751	15.789599628680886	15.789788680280239	15.78993570407416	15.790040712315884	15.79010371375907	15.790124713656281	15.790103713758565	15.790040712314923	15.789935704072683	15.789788680278289	15.789599628678456	15.789368533521825	15.78909537556137	15.788780132056832	15.788422776778226	15.78802328000921	15.787581600040358	15.787097618060928	15.786571375962247	15.786002830133608
15.638481444117893	15.63914002592395	15.639752992522656	15.64032038599415	15.64084224510082	15.64131860552482	15.641749499862783	15.642134957621066	15.642475005211416	15.64276966594728	15.643018960040424	15.643222904598064	15.643381513620367	15.643494797998326	15.643562765512518	15.64358542083163	15.643562765511962	15.643494797997178	15.643381513618671	15.64322290459582	15.64301896003762	15.642769665943916	15.642475005207517	15.642134957616625	15.641749499857772	15.641318605519295	15.640842245094753	15.640320385987586	15.639752992515579	15.63914002591601
15.47138271656098	15.472082943293582	15.472734705228632	15.473338039645828	15.473892980849612	15.47439956041903	15.474857807202696	15.475267747314605	15.475629404130352	15.475942798283537	15.476207947662836	15.476424867409216	15.476593569913884	15.476714064816276	15.476786359002773	15.476810456605575	15.476786359002137	15.476714064815036	15.476593569912001	15.476424867406728	15.476207947659711	15.47594279827982	15.475629404126012	15.475267747309664	15.474857807197143	15.474399560412888	15.473892980842916	15.473338039638538	15.472734705220752	15.472082943284871
15.287387123757357	15.288123227727215	15.288808413139723	15.289442712882604	15.290026157188983	15.29055877389029	15.291040588412187	15.291471623770548	15.291851900567998	15.292181436990527	15.292460248805165	15.292688349357164	15.292865749568207	15.29299245793461	15.293068480526161	15.293093820985101	15.293068480525488	15.292992457933236	15.292865749566154	15.292688349354432	15.292460248801781	15.292181436986493	15.291851900563284	15.291471623765212	15.29104058840621	15.29055877388365	15.290026157181707	15.289442712874788	15.288808413131225	15.288123227717845
15.089674727113078	15.09044123275354	15.091154741822722	15.091815283213322	15.092422883460792	15.092977566993348	15.093479356127961	15.093928238290912	15.094324236808834	15.094667403215984	15.094957751353927	15.095195292938623	15.095380037558181	15.095511992671705	15.095591163607951	15.09561755356451	15.095591163607253	15.095511992670271	15.095380037556009	15.095195292935752	15.094957751350366	15.094667403211702	15.09432423680385	15.09392823828521	15.093479356121595	15.092977566986338	15.092422883453054	15.09181528320496	15.091154741813675	15.090441232743604
14.881183380658785	14.881975293187123	14.882712473833465	14.883394947869517	14.88402273848379	14.884595867023915	14.885114352993051	14.885578214046554	14.88598746598902	14.88634210839719	14.886642138900353	14.886887604433827	14.887078513377748	14.887214872251413	14.887296685712307	14.887323956555107	14.887296685711544	14.887214872249935	14.887078513375458	14.886887604430832	14.886642138896633	14.88634210839275	14.885987465983796	14.885578214040589	14.885114352986404	14.884595867016575	14.884022738475762	14.883394947860818	14.8827124738241	14.881975293176819
14.664547814694105	14.665360638875432	14.666117304247859	14.666817832808643	14.667462244723701	14.668050558558761	14.668582791275703	14.669058958229673	14.669479073166796	14.669843148221469	14.670151193914261	14.670403219150447	14.670599231218043	14.67073923578689	14.670823236907694	14.67085123701095	14.67082323690692	14.67073923578537	14.670599231215707	14.67040321914735	14.670151193910426	14.669843148216842	14.669479073161448	14.66905895822356	14.668582791268827	14.668050558551146	14.667462244715406	14.66681783279964	14.66611730423817	14.66536063886489
14.442078603103496	14.442908441467598	14.443680961404773	14.444396181953525	14.44505412055156	14.44565476506781	14.446198115586977	14.446684235620381	14.447113137057556	14.44748483039427	14.44779932473067	14.44805662776961	14.448256745815485	14.448399683772701	14.448485445145185	14.448514032035437	14.448485445144396	14.448399683771093	14.448256745813119	14.448056627766427	14.447799324726716	14.447484830389538	14.447113137052071	14.44668423561415	14.446198115579971	14.445654765060066	14.445054120543093	14.444396181944345	14.443680961394925	14.442908441456854
14.215766855686486	14.216610159551806	14.217395138567245	14.218121898589525	14.21879046255281	14.219400844251055	14.21995305628765	14.220447110072858	14.220883015821762	14.221260782552143	14.221580418083025	14.22184192903293	14.222045320818879	14.222190597655	14.222277762552054	14.222306817316705	14.22227776255125	14.222190597653357	14.222045320816466	14.221841929029734	14.221580418079043	14.221260782547333	14.22088301581617	14.220447110066502	14.219953056280547	14.219400844243225	14.218790462544188	14.21812189858022	14.21739513855725	14.216610159540986
13.987304837773763	13.988158485784968	13.988953196917617	13.989688985137573	13.99036586321045	13.990983842890103	13.991542934916295	13.992043149012783	13.99248449388492	13.992866977218068	13.993190589879246	13.993455337260142	13.993661247099103	13.99380832298862	13.993896567495355	13.99392598215959	13.993896567494588	13.993808322987004	13.993661247096663	13.993455337256872	13.993190589875228	13.992866977213243	13.992484493879303	13.992043149006367	13.991542934909155	13.990983842882182	13.990365863201863	13.989688985128256	13.988953196907516	13.988158485774065
13.758114588786764	13.75897584793675	13.759777655371568	13.76052002289055	13.76120296126545	13.761826480415113	13.762390589403225	13.762895296436051	13.7633406088612	13.763726533165414	13.764053074973503	13.764320239046976	13.764528029283074	13.76467644871387	13.764765499505483	13.764795182958006	13.76476549950467	13.764676448712246	13.764528029280637	13.764320239043712	13.76405307496947	13.763726533160597	13.763340608855566	13.762895296429658	13.762390589396055	13.761826480407233	13.761202961256762	13.7605200228812	13.759777655361493	13.758975847925907
13.529376552058842	13.530243135108172	13.531049908357325	13.531796881651262	13.532484063963949	13.533111463559687	13.533679087990318	13.534186944094582	13.53463503799512	13.535023375098213	13.535351960091464	13.535620796943604	13.535829888902889	13.535979238496598	13.536068847530249	13.536098717087476	13.536068847529421	13.535979238494974	13.53582988890043	13.53562079694037	13.535351960087425	13.535023375093349	13.534635037989556	13.53418694408818	13.533679087983217	13.533111463551723	13.532484063955334	13.531796881641956	13.531049908347317	13.530243135097349
